fitness,x1,individual
0.096590946,-1.377249401,1
3.032631703,2.93303067,1
1.730629775,-0.369892706,1
1.129213575,0.108764397,1
1.609940636,1.36641174,1
2.348148091,0.782899907,1
1.884712305,0.496975559,1
0.229875434,-0.422803102,1
0.317566302,-0.873325704,1
1.253546294,-0.184374934,1
0.646360443,0.314807268,1
1.792827552,2.137019356,1
0.886859881,0.519857735,1
0.616061074,-1.104828221,1
-0.03915829,-1.826070209,1
0.65874571,-0.02634084,1
0.933074147,-0.386459529,1
0.557430585,-0.594583227,1
1.358804442,1.200589787,1
1.656501799,0.329883566,1
1.692497936,-0.59069969,1
1.215587155,0.398630745,1
0.654654397,-0.10274095,1
0.48276183,0.160098341,1
2.208764945,0.11073609,1
1.059650627,-0.728912527,1
1.337637627,1.149858911,1
-0.11331675,-1.597929866,1
1.789806444,-0.332624986,1
0.746536616,-0.807695542,1
1.32581207,0.112813013,1
1.168052416,0.019427488,1
0.794110259,-1.23238844,1
1.417074422,-0.62758713,1
2.955279946,1.328269525,1
1.118074822,-1.143099982,1
1.698729673,0.399897445,1
0.106613309,-1.250787802,1
0.987819026,-0.922075302,1
1.989966345,-0.985739286,1
2.198865283,0.825562285,1
0.318481474,-2.122795683,1
1.208786823,-0.341142368,1
1.502569064,-0.288900545,1
1.478138432,-0.024008868,1
2.963081068,-0.412015274,1
1.276194482,0.667955251,1
0.490288962,0.641487464,1
1.217961538,0.565786459,1
2.211994705,1.37356237,1
-1.328961613,0.205373442,2
-0.302782054,-0.064294457,2
-0.88543237,-0.311358513,2
-0.07975269,0.562672051,2
-1.015233732,0.894828491,2
-0.721643947,0.542651918,2
-1.516553819,0.132037785,2
-1.765798341,0.538585921,2
-0.731145585,1.779649757,2
-1.914536336,-0.592809172,2
-1.64912559,0.677598643,2
-2.034860897,-0.911830738,2
-1.369514792,0.165239708,2
-1.062222014,0.498149663,2
-1.049890359,-0.723172229,2
-1.833704006,-0.299661551,2
-1.06674008,0.521055643,2
0.090801769,1.666330536,2
-0.768357807,1.25306236,2
-1.787562658,-1.262632003,2
-1.056191424,0.221006293,2
-1.23621542,0.801838628,2
-1.839975608,-0.394917506,2
-0.384841207,1.231293632,2
-0.628906941,-0.213125655,2
-0.491679719,-0.748255804,2
-1.364543163,-2.214975302,2
-0.849990943,-2.698200995,2
-0.919278261,-0.249761478,2
-1.167159498,0.961863184,2
-0.896042102,0.3005424,2
-1.53620052,0.252108309,2
-0.281115211,-0.957151135,2
-0.864466793,-0.212876692,2
-1.205996946,-2.113884542,2
-1.422070064,-1.329245735,2
-1.905303616,-2.715036256,2
-0.067398652,-0.368122198,2
-1.640129928,-1.969538765,2
-0.923450946,0.5724057,2
0.112097475,-0.534786819,2
-1.22960885,1.013213195,2
-0.182998249,0.466859141,2
-1.084964576,-0.274581546,2
0.306473927,0.65470064,2
-0.297014329,-0.873595574,2
-0.791436356,-0.6061184,2
-1.236007924,-0.149854681,2
-0.607132881,0.229682864,2
-1.632515319,0.300601021,2
0.448675626,-0.17395016,3
-0.587089697,-1.205149027,3
1.12095804,1.003421076,3
1.68719473,0.556375162,3
1.146943845,0.516445691,3
1.655122578,1.673005559,3
1.807375949,-0.055509581,3
0.73375753,0.763284838,3
1.07330326,1.464173407,3
0.383478678,0.451340588,3
1.107173328,0.045072856,3
1.636660381,1.978440824,3
0.973760581,1.606023025,3
1.642766005,1.445588603,3
0.64664372,0.286811495,3
-0.039402011,-0.243562369,3
-0.056020002,-0.60947847,3
-1.723410003,-4.229471511,3
1.54744919,0.479944354,3
-0.478595158,-0.375232465,3
0.736224642,-0.457198222,3
-0.240101064,-0.787874442,3
1.562923873,1.042685951,3
-0.722366561,-0.587127864,3
0.621757251,0.311672344,3
0.992671624,1.384137783,3
1.162417292,1.741486484,3
-0.066329066,0.172827779,3
0.937022305,-0.220481204,3
-0.846892627,-1.430258676,3
0.516960178,1.281749745,3
0.997878667,1.090995149,3
0.647374437,-1.005884759,3
0.99621613,-0.614691212,3
1.057124397,0.30461758,3
1.046774568,0.20347373,3
0.748020839,-0.759411735,3
0.577038031,-0.865130396,3
0.475574414,0.339964739,3
-0.37000505,-0.571103005,3
0.094869732,-0.103977044,3
0.402397627,-0.774229128,3
0.86369947,-0.436233743,3
1.90512202,1.96491482,3
0.564700643,0.068026655,3
-0.880336664,0.226950653,3
-1.286802867,-2.29705758,3
-0.442489285,-0.193205307,3
0.098187902,-0.292934667,3
0.135379538,-0.971238585,3
-0.72922403,-0.537335469,4
-1.553613533,0.235843261,4
0.87733614,2.257181069,4
-0.204578667,0.414175525,4
-0.177723275,1.937604862,4
-1.309798145,-1.825094522,4
0.130166194,2.770839575,4
-1.285118986,0.755832474,4
-1.348841857,-0.012453285,4
-1.320661295,0.005221002,4
0.825308515,0.068130306,4
-0.799291927,-0.353197347,4
-1.329767305,-0.667391231,4
-0.989879974,0.323151445,4
-1.017882426,-1.019040301,4
-0.98981188,-1.295410905,4
-1.106745986,1.093155326,4
-0.554230711,0.937551911,4
-0.186302713,0.499986712,4
-0.365293301,-0.614527693,4
-1.760093195,-0.992783738,4
-2.068128992,-0.327966661,4
-0.392099883,0.527416545,4
-0.389019757,0.917557366,4
-1.07430005,-1.125903584,4
-0.666728678,-0.762347209,4
-0.994163072,-1.441287331,4
-0.124704344,-0.14335951,4
-0.705294295,2.358604628,4
-0.939020741,0.916775697,4
-0.635567801,-1.67538356,4
-1.396265093,-1.678551465,4
0.16260694,0.100123002,4
-1.713390127,-0.13925809,4
-1.069400514,0.283001048,4
-1.061346574,-0.364928553,4
-1.657562143,0.623563588,4
-2.008598404,-0.195999428,4
-0.609319541,0.977399195,4
-1.214961638,-0.176206438,4
-1.549489548,-1.555209528,4
-0.719068526,2.160596327,4
-0.384654268,-1.03394743,4
-0.780557854,1.111695323,4
-0.194943107,0.688686354,4
-0.315804941,-0.713735265,4
0.044865454,0.742265017,4
-1.070545841,0.124193505,4
-0.524214502,0.091132662,4
-0.96031106,-0.35259654,4
-0.023250005,-0.468618192,5
1.317102828,0.108538659,5
-0.56110029,-0.643907163,5
0.585084129,-1.517807431,5
0.51017167,1.174860276,5
0.376100652,0.897162313,5
0.574320333,-1.268811203,5
-0.009330915,-0.499932748,5
1.113782344,0.139111804,5
0.716159874,0.145316699,5
0.442451956,-1.031845966,5
1.026655359,-1.01508843,5
0.965043769,-0.346086741,5
0.783391007,0.24514322,5
-0.166345091,-1.924789274,5
0.153853894,-0.496273923,5
0.122287207,0.468997774,5
1.050838394,1.128361563,5
0.155672319,-1.131656468,5
0.756645021,-0.35250391,5
0.96876326,-0.267598824,5
0.941322252,0.677474654,5
0.429259287,-1.908510854,5
0.146813128,-0.588137811,5
0.463310214,-0.854059415,5
0.313321324,-1.618324907,5
-0.098484183,-1.26611388,5
1.051625478,0.448388116,5
0.904715816,-0.409867635,5
0.805408633,-0.208006641,5
0.463352482,0.230851237,5
0.418400863,1.95278603,5
0.279113593,-2.112858496,5
1.073723032,1.524842615,5
0.693420065,1.082118814,5
0.942191945,0.935220872,5
0.34395586,2.2380698,5
0.737994954,0.32562837,5
0.51884833,0.244719202,5
0.042575827,0.136544297,5
0.836656528,0.873616017,5
0.378196648,1.034273806,5
0.973678318,1.05615541,5
0.933546583,-0.248059132,5
0.925530021,1.451795069,5
-0.829374931,0.155136056,5
0.765111819,-2.376031887,5
-0.267339498,-0.626790908,5
-0.342204623,-0.031702117,5
1.542200049,0.008433324,5
0.354273993,-0.595794694,6
0.866246136,0.244721164,6
-0.742643992,-1.974080943,6
-1.054839725,-0.825538985,6
0.009907244,-0.054453422,6
-0.668738381,-0.425704756,6
0.519410557,0.953808057,6
-0.607114879,-1.505427852,6
0.763425824,0.332580103,6
-0.251341846,0.356491553,6
0.113325644,-2.122954842,6
-0.376790548,0.132591922,6
-0.712236407,-1.567187542,6
-0.331586551,-0.449654313,6
-0.482989036,-1.047760177,6
0.823471241,0.791340665,6
-0.614880694,-0.453253111,6
-0.29597477,-0.509323554,6
0.24761638,-0.580509102,6
0.017409016,0.234611798,6
0.618831784,0.761263016,6
-0.521840004,-0.687128003,6
0.682092721,-1.074427326,6
-0.86619029,-1.222581895,6
-0.165274122,-2.06441848,6
-0.720266163,0.898993825,6
-0.174936877,0.680466359,6
0.686536566,-0.62348692,6
-0.05023125,-0.546069587,6
0.029224517,-0.540962108,6
-1.628098999,-1.878723584,6
-0.677169891,-1.719048889,6
0.529001669,1.330012336,6
0.273731998,-0.464632392,6
0.284486412,1.375301142,6
0.964420821,1.19171376,6
-0.338448374,-0.302864413,6
-1.252012953,-1.009730865,6
-1.144626511,1.372027852,6
0.312434098,-2.084752264,6
-0.438930478,0.18937568,6
-0.627832348,-2.041092581,6
0.310962777,-0.260233028,6
0.381864435,0.443593697,6
-0.183295426,-0.944381509,6
0.347495484,0.896693239,6
-0.179933739,1.722671242,6
0.7382378,0.824350772,6
0.536299164,0.606879391,6
1.110496683,1.477183833,6
-0.738818292,-0.191158227,7
-0.101863827,-0.552324839,7
-1.181361319,1.849617817,7
0.184906806,1.475373105,7
-0.21192552,-1.044713227,7
-1.20836937,0.44192279,7
-0.8805411,-0.875391713,7
0.590956316,0.518431888,7
0.014616239,1.885407642,7
0.759258734,1.823072575,7
0.454891638,0.48610351,7
0.441386822,1.049760856,7
-1.272180694,-1.0602273,7
-0.133686016,-0.519331874,7
0.00936229,-1.170161728,7
-0.895616972,-0.778127606,7
-0.040677349,0.792533139,7
-0.224175322,0.336627271,7
-1.044333221,-0.258342237,7
-0.959367969,-2.38597534,7
0.732746986,-0.523724317,7
-0.930385859,-0.971593152,7
-0.657038519,0.007926859,7
-0.879729576,-1.812338393,7
-0.634957161,0.510701848,7
-0.708255243,-1.475296947,7
-0.407088558,-0.114729158,7
-0.298572294,0.106215027,7
-1.183131,0.668872978,7
-0.411101246,0.357204298,7
-0.770801367,-0.188220144,7
-0.727836313,-0.662160694,7
0.35323839,-0.419505282,7
-1.018278506,0.38354326,7
-1.099440662,0.545477617,7
0.754289099,1.018136688,7
-0.206861196,-0.179406449,7
0.137439806,1.628785136,7
-0.671462859,-2.73252078,7
-0.399669607,0.567084178,7
0.678169229,0.312997154,7
-0.459133777,-0.268452116,7
0.305892174,0.602294714,7
0.119112682,2.071433197,7
-0.037332153,0.093005106,7
0.155046944,0.988054226,7
-0.785223815,0.505176107,7
1.093102152,1.21972379,7
0.817449012,0.827138053,7
-0.644105544,1.421395603,7
-0.441149289,0.661914043,8
0.586313749,-0.739435198,8
-1.351847357,-0.214936105,8
0.018340971,1.097224798,8
1.106426176,0.026813503,8
-0.751129341,1.082285907,8
0.497570997,-1.332262339,8
-0.649315105,0.652181759,8
0.759296644,0.123779407,8
-0.649156549,0.55306692,8
0.937126555,-0.006105173,8
0.021388868,0.02233199,8
-0.263403572,-0.309872784,8
0.392725444,-0.428266928,8
0.575188795,-0.06594259,8
0.652636803,-0.381014622,8
1.639811707,-0.538889635,8
-0.258771547,-0.445290391,8
-0.606246726,1.071622966,8
0.61504853,-0.060410311,8
0.321426665,-0.046049462,8
-0.004404573,-0.041695652,8
0.885665791,-0.289493627,8
-0.139665469,0.61057931,8
0.880183419,0.199063481,8
-0.300305799,-0.463791624,8
-1.331988131,0.613866303,8
-1.002473771,2.279263677,8
-0.145543036,0.5123187,8
1.030488245,-0.60126145,8
0.288317415,0.691539934,8
-0.989557688,0.570154725,8
0.0245113,-0.657336034,8
1.933018726,-2.673857719,8
0.691739224,-1.455266707,8
1.412072687,-1.874356041,8
0.414965477,0.195268483,8
1.597894838,-1.578045964,8
0.3609603,0.481967203,8
0.455458916,-0.08594791,8
0.74539568,-0.083148937,8
0.539257284,-1.124621391,8
0.765771668,-1.817145587,8
0.200437414,-0.007893642,8
1.122912472,0.046365239,8
0.346458072,0.586789066,8
-0.759413456,0.902118722,8
0.616387312,-0.881016293,8
0.887995006,-1.736984586,8
0.333535409,-0.814153225,8
-0.628209082,-1.747767139,9
0.429741469,0.565220825,9
-0.697624612,-0.396172464,9
0.468053865,0.448754466,9
-0.725736407,1.340320817,9
0.082517526,-0.698647507,9
-0.098937018,-0.013644253,9
-0.254290557,0.819749947,9
-0.63908907,0.179777103,9
-0.645546819,1.977677977,9
-0.053642446,1.487092323,9
-0.354949591,0.234536766,9
-0.420890774,0.455484014,9
-0.725960256,1.51192009,9
-1.385249657,0.823658345,9
-0.099557971,1.506461348,9
-0.212726463,-0.512664998,9
-0.451588351,-0.698681493,9
0.52165207,-0.106554087,9
-1.239756959,1.55922873,9
0.90488089,1.05360881,9
0.00251923,-0.772748703,9
-0.366572072,1.251549593,9
0.562698453,-2.090593805,9
-0.891736228,0.082590278,9
0.482674095,-1.137052147,9
0.645194081,-1.604195143,9
-1.402543398,-0.149570729,9
-0.078379839,2.246449478,9
-0.757839037,-1.563816801,9
0.942980598,-1.035418332,9
0.597341876,0.156907231,9
0.041431035,-0.402700219,9
-0.390425308,-0.01284912,9
-0.824637367,2.978059748,9
0.02842321,0.030601359,9
0.518712889,-0.778132506,9
0.293608053,-0.608580502,9
1.129745063,-0.061316668,9
-0.261766198,-1.195072217,9
-0.076409958,-0.925334921,9
0.369025592,0.360559362,9
0.194787769,-0.452964908,9
-0.072715511,1.035828008,9
0.016742285,-0.821652434,9
-0.649422905,0.232594783,9
-0.127298622,-0.764668164,9
-0.56755905,0.832739847,9
0.181494565,0.494293051,9
0.276459057,0.573204134,9
-1.567567848,0.973818635,10
-2.058624397,0.853667773,10
0.877371296,-1.260099556,10
-1.201403129,0.151860279,10
-2.568391901,0.708228123,10
0.399146356,-1.043889981,10
-1.623072397,0.045154842,10
-1.017651521,-0.184259821,10
-0.548804273,-0.654081461,10
-0.368686287,-0.557310951,10
-1.386915519,0.022423275,10
-2.390476259,0.921730064,10
-1.38029117,-0.050704377,10
-3.003703281,1.68480038,10
-0.09351225,-0.593362263,10
-1.394914934,-0.15298126,10
-2.564108694,1.481761621,10
-1.912599748,0.957460901,10
-0.711092492,-0.348929619,10
-0.390435001,-0.273137326,10
1.332044555,-0.904556922,10
-0.443231692,-1.026836171,10
-2.9039573,1.079046467,10
1.045134552,-2.07055074,10
0.935639361,-0.644677348,10
-0.824454879,0.138621885,10
1.774611139,-1.853754496,10
-0.318515492,-0.844611209,10
-0.619069013,-0.075929122,10
0.821531322,-1.313769194,10
-3.096433665,1.1409083,10
-1.684389495,0.927753572,10
-2.932152005,1.405323248,10
0.709358413,-1.707216185,10
-3.610869163,1.99238906,10
0.310037364,-0.884305413,10
-3.041352744,1.268213518,10
1.096855299,-0.803995637,10
-1.152690724,-0.210083938,10
-1.329239243,0.504751797,10
-1.320618095,-0.181880544,10
-0.306428901,-0.682772571,10
-2.022940262,0.329415167,10
-0.781726162,-0.573195037,10
-0.922484113,0.057066342,10
-1.073125878,0.438314661,10
0.037540834,-0.876856982,10
-2.131998328,0.07613082,10
-1.347071724,-0.11657699,10
-1.696661234,0.464565048,10
-1.242112526,0.744189051,11
-1.123585325,0.470377356,11
0.606210071,0.251375799,11
-0.266462315,0.927323187,11
-1.237713636,-1.330116227,11
-1.030196512,1.676474384,11
-1.180725508,1.147436672,11
-0.772382328,0.814922917,11
1.425698838,0.294235882,11
0.592126827,0.796676204,11
0.368468608,0.529833158,11
-0.417772686,1.283038339,11
-0.882000701,1.202065221,11
-0.128513531,-0.336103618,11
-0.783525389,1.552036948,11
-1.439186438,1.360656296,11
-0.207025208,-1.003608198,11
0.47776502,0.494668686,11
-0.062683257,-0.990746895,11
-1.236084448,0.992659135,11
-0.30695109,0.635717921,11
-0.708725065,0.435271612,11
-0.757876101,0.112198355,11
-0.993734157,1.190914464,11
-0.482403895,2.394369372,11
0.273786818,-1.241783235,11
0.045416625,0.233301062,11
-0.354829752,-0.933935555,11
-0.365841228,-0.202530301,11
0.365146015,-1.007547575,11
-0.268283998,0.355397495,11
1.184225473,-1.53521882,11
-0.03204649,0.562366706,11
-1.068914209,0.253934097,11
0.99701088,-0.602483972,11
-1.628744647,1.489556285,11
-0.205647642,1.214640929,11
0.609470321,0.679289069,11
-0.385115258,1.021176345,11
0.630819735,-1.129055239,11
-1.094315099,-0.059142424,11
-0.359369899,0.597855237,11
-1.049912714,0.590589876,11
-0.47594489,-0.293720185,11
-0.488330381,-0.872573664,11
-0.723122849,-1.154175775,11
-0.600678167,-0.4917875,11
-0.873146091,0.048649783,11
-0.687153928,-0.54174875,11
-0.105819925,-0.6332313,11
-2.132005878,-0.904632935,12
-1.043490065,0.20818902,12
-0.178675783,-0.26131446,12
-0.856221725,0.371289898,12
-1.078374243,-0.228540039,12
-0.584469252,1.000735207,12
-1.432664296,0.447369199,12
-0.81788334,-0.020188058,12
-0.213838937,0.945007924,12
-1.720609827,0.031615524,12
-1.07184556,1.363451213,12
-0.789554512,-1.459186703,12
-1.088038768,-0.665208846,12
-1.600284695,0.084173584,12
-1.511985112,-0.069323273,12
-0.540696082,-0.06836845,12
-0.699068824,0.663249069,12
-1.572615076,0.732404539,12
-0.061040011,-0.082086798,12
-1.022688339,-0.313405557,12
-1.025088871,-0.437203349,12
-1.15079262,-0.669866024,12
-0.478852025,1.328644576,12
-1.776405181,0.572257327,12
-0.973305978,0.027640611,12
-0.638237675,-0.061902709,12
-2.118751898,-0.689826837,12
-0.347708274,0.839718953,12
-0.673274688,0.753879706,12
-1.643138908,-0.287739842,12
-0.663774834,1.152185459,12
-1.044091075,-1.40622339,12
-1.376723137,0.373050353,12
-0.386398269,0.910934569,12
-0.498974624,-0.227758823,12
-0.279791469,0.883384074,12
-2.431951478,-0.830601747,12
-1.812365808,0.053048041,12
-1.500066504,0.793117789,12
-0.430286814,1.193779058,12
-1.171931621,0.291773022,12
-0.817598184,-0.411658191,12
-1.055627624,-1.045242771,12
-0.710922987,0.079170149,12
-0.82826403,0.80602082,12
-0.310279692,-0.536822996,12
-1.648688488,-0.236081807,12
-1.187452844,-0.935835982,12
-1.399631342,-1.549279785,12
-1.480359159,-0.377298517,12
-0.110420801,0.24452497,13
-0.321614804,-1.600571363,13
-0.690453312,0.976563625,13
0.605268602,0.721848393,13
0.899382183,-0.932142861,13
-0.293510922,-0.87909289,13
-0.744142974,0.607866742,13
0.314710984,0.965739871,13
0.82249505,0.130304008,13
0.835066929,0.732806816,13
-0.780938821,-2.32029476,13
-0.526035837,-0.051885454,13
-0.005732765,-1.489083769,13
-0.148830861,0.191125733,13
0.826745295,1.77022864,13
0.950317441,0.372659526,13
0.133510831,-0.146842849,13
-0.514894855,1.832172176,13
1.075271222,-0.111610364,13
-0.430037287,-1.087674727,13
0.352645329,1.768331876,13
-0.227065536,0.23317301,13
-1.279839455,-1.438775205,13
-0.572892636,-0.001163369,13
0.914223793,-0.81431745,13
0.479913399,-1.613688682,13
-0.380776237,-1.205518074,13
-0.14497728,0.285998031,13
-1.017746522,-0.617268333,13
-0.0566501,0.027598396,13
0.34209997,-0.936530747,13
0.615781512,2.00430466,13
-0.402650925,-0.996929678,13
0.716915183,-0.164713835,13
0.198366715,0.242632448,13
0.371207219,0.527277417,13
1.181516865,1.150165561,13
-0.116880053,-1.800020525,13
0.158620107,-1.145618661,13
-0.64068104,-0.304541542,13
1.246198694,-1.197270808,13
0.732641838,0.268664386,13
-0.128849253,-0.506866362,13
0.612440736,-0.220822458,13
-0.131679084,0.011507635,13
-0.139394494,-0.99294578,13
-0.094770477,0.001241407,13
-0.916307563,-0.476465947,13
-0.097185181,1.985456405,13
0.058964072,-0.788025502,13
0.044183075,-1.302740361,14
1.484202112,-0.558207618,14
2.490253665,0.972102674,14
2.100227416,-0.617317985,14
1.519902973,-0.574618518,14
1.146782066,-0.486555089,14
0.430211312,-1.401027251,14
2.030264102,0.179166448,14
1.782707594,0.031997259,14
1.758048317,1.416058889,14
2.362405811,2.676167568,14
1.452021452,0.073914004,14
1.590489492,-0.835798335,14
1.097492912,1.027270237,14
0.905697157,-0.566910679,14
0.62367878,0.191774074,14
1.929909868,1.018417481,14
2.22224571,2.722727419,14
1.478019275,0.481834128,14
1.080438297,-0.261700681,14
1.716798668,0.278141231,14
1.362643547,-0.000598511,14
0.206995745,0.011575167,14
0.480178853,-0.417327264,14
0.938267727,-1.005204187,14
1.3473383,0.673547853,14
1.062869822,0.554130909,14
1.626097312,0.885024854,14
2.913745479,1.292600013,14
1.283787395,0.588271325,14
1.108073918,0.253276093,14
1.796144506,1.328834945,14
1.415514241,-0.549551282,14
1.505917063,0.13168923,14
1.787409932,0.628369861,14
0.623135342,-1.135585628,14
1.750146523,1.165384008,14
0.97716538,0.142057033,14
1.072134401,-0.796377251,14
0.724951345,-2.104988275,14
1.065129476,-0.447198016,14
0.545755915,-0.474866949,14
2.207437265,0.892586167,14
0.192061276,-1.634473691,14
0.989520842,-0.192482969,14
1.63184903,0.730771092,14
2.06383499,-0.089653646,14
1.251700292,0.003571687,14
1.127839514,-0.79602985,14
1.483136816,0.545840023,14
-0.259568276,-1.769005555,15
-0.135044,1.294189001,15
0.149175626,-0.756553271,15
0.406828455,1.273830345,15
0.35171699,1.804279551,15
-1.409036364,0.019308917,15
0.500425854,0.060336273,15
-0.082046251,0.192110069,15
-0.050203071,-1.627477085,15
0.963369686,0.308894424,15
0.210405327,-1.290288119,15
0.824380817,-0.071070019,15
-1.352635353,0.512518742,15
0.002164303,0.338523765,15
-0.514162117,-2.107467604,15
0.705584869,0.625937345,15
0.777134334,1.165432345,15
-0.877512058,-0.346644557,15
1.078608793,-0.573628416,15
0.171927941,0.93416089,15
-0.586036294,0.457372767,15
-0.919280632,-0.033517428,15
-0.117335195,-0.766318657,15
-0.969071016,0.295654908,15
0.268312349,0.823268435,15
-0.439045226,0.595885038,15
-0.556914516,0.928785973,15
-0.800211075,-1.043224221,15
-0.075823095,0.436199506,15
-0.723005627,-0.41461425,15
0.624974903,-0.216605424,15
0.507858698,0.402789997,15
0.076581843,0.488578553,15
-0.016696961,-0.116776492,15
0.416546916,-0.542902512,15
-0.716387798,0.016392973,15
0.232592894,0.318121489,15
0.861641566,-0.01633218,15
-1.357833312,1.475778085,15
-0.435040685,-0.666250261,15
-0.366727381,1.510462106,15
0.35649029,0.554805209,15
1.160994974,2.601690557,15
-0.115034042,0.864022357,15
-0.586722401,-0.67319987,15
0.599234315,0.215259796,15
-0.912037427,-0.816611176,15
-1.208075776,-2.035083268,15
0.367883323,-1.484508824,15
0.259086566,-0.203453102,15
-1.930397107,1.442324351,16
-0.839901422,0.330158086,16
-1.152340496,-0.226692007,16
-1.681118128,1.910368519,16
-1.335070718,0.241974573,16
-1.434513218,-0.852592663,16
-1.508810122,0.558190541,16
-1.604858274,-1.043063703,16
-1.754424348,0.92356539,16
-1.202690087,0.757886029,16
-1.514138868,1.82368061,16
-2.352966395,0.254211481,16
-0.518879015,0.071651146,16
-1.152309951,-0.464983493,16
-0.757213269,-0.238839634,16
-0.972085475,-0.229038067,16
-2.218605221,0.558270052,16
-1.337429087,-0.132352023,16
-1.282558173,-0.786141494,16
-1.175822695,0.266819683,16
-1.870597595,-0.158729593,16
-1.598663776,-0.705851256,16
-2.337564763,0.678306011,16
-1.464492409,-0.166301827,16
-1.833495174,-0.558143947,16
-0.631701252,1.154569951,16
-1.120853894,0.026422928,16
-0.787509701,-1.941229625,16
-1.01940838,0.171521737,16
-1.171286887,0.264977128,16
-1.576871739,0.222812205,16
-1.195780406,-0.338153443,16
-1.214257371,0.419766709,16
-0.051325608,0.860002276,16
-1.463107086,-0.142678617,16
-2.244738429,1.762308794,16
-0.676532749,-0.69446618,16
-1.150566243,0.754684079,16
-1.200578012,1.417218741,16
-3.519929298,0.93739578,16
-2.205387707,0.616979712,16
-1.309098135,1.688406703,16
-1.429721941,-0.775017857,16
-1.592509729,-0.928580356,16
-1.090269797,-0.96910677,16
-1.842946293,-1.867857972,16
-1.498659932,-0.80565947,16
-0.471117552,-0.893577013,16
-0.964059562,0.88627666,16
-1.902332451,-1.501450992,16
0.544929322,1.082446383,17
0.83841531,-1.301864425,17
0.336484849,0.929387357,17
0.697348362,0.690553849,17
0.979237124,0.20914682,17
1.193038745,1.651401666,17
0.147364975,-1.084093163,17
0.851452029,0.032026717,17
0.567129721,-0.536059979,17
1.105087504,-1.50506859,17
-0.022936612,-0.792665409,17
1.265505505,1.778918244,17
1.534896022,2.220626965,17
-0.03394365,1.02092457,17
1.140767352,-0.220945688,17
0.681302846,-0.561512439,17
-0.285342854,-0.149990389,17
1.189902279,2.031461716,17
0.957502079,-0.358508373,17
-0.166713645,1.484857648,17
-0.087878396,1.736400175,17
0.36326239,0.617450417,17
0.783177595,-1.393228061,17
0.615289415,0.200413588,17
1.360257751,0.325044187,17
0.028100185,-0.150092371,17
0.115323114,-2.196262466,17
0.650281543,1.784195662,17
0.214997753,-1.719215771,17
1.035933111,0.97250987,17
0.699094847,-1.377188956,17
0.817812141,0.823550162,17
-0.295359329,-0.698312517,17
0.588593774,-0.032380603,17
0.870703279,0.187971562,17
0.821964542,0.833050389,17
-1.002050263,-0.048757847,17
-0.402994961,0.535944028,17
-0.261734878,-1.201235535,17
1.472224675,0.584102169,17
1.223597692,0.478207204,17
0.98728125,1.96952783,17
0.161580197,-1.413025179,17
1.145341855,2.082116807,17
0.525867822,-0.155167471,17
0.607991553,-0.137094799,17
0.497622377,1.408604801,17
0.373631849,0.12888425,17
1.03135339,0.397668917,17
0.384376711,1.135514801,17
-1.756242987,1.679042947,18
-1.676144138,0.391364075,18
0.531391974,-0.186506016,18
-0.495510106,-0.340824016,18
-0.571524996,-0.434893263,18
-0.865020862,0.415271546,18
-1.345255466,0.37601497,18
0.000809318,0.587530769,18
-0.028242065,-0.456480712,18
-0.112972896,0.634006701,18
-1.00324957,0.266002645,18
-0.232245088,-0.058856737,18
-2.683571746,0.608408568,18
-0.400267192,1.231725173,18
-0.39911729,0.16198807,18
-1.208940666,1.563591775,18
0.023879303,-1.495527872,18
0.430895363,-0.686778857,18
-0.64902874,1.409970158,18
-0.978789936,0.035416856,18
-1.325089801,-0.460865262,18
-0.310622708,0.97409045,18
-0.744482527,0.756202226,18
-0.479818107,0.673032641,18
0.401158132,-0.151789263,18
-0.536507847,-0.69686984,18
-0.302462516,-0.981956415,18
-1.813531361,-0.251441113,18
-0.693488309,1.074948161,18
-0.413161822,-0.846414389,18
-1.253701889,1.010039529,18
-0.969432323,1.807522151,18
-1.133976503,1.136156603,18
-0.686377209,0.465842599,18
-0.638873359,-0.704608354,18
-0.531090992,-0.344103161,18
-0.04921904,-0.826593465,18
-0.0679862,-1.059124477,18
-0.889825121,-0.56400482,18
-0.929740081,0.564220499,18
0.139776862,-0.096237952,18
-0.814558106,-0.117670448,18
-0.090664068,-0.49723029,18
0.910182762,-1.567235978,18
-0.050543765,-0.282251692,18
-1.03869012,-0.780589136,18
0.266818093,-1.17806041,18
0.189918607,-1.370728138,18
-0.871461074,-0.156475369,18
-0.837795523,-0.669203456,18
-0.981727649,-0.890642107,19
-1.569286803,-2.020290937,19
0.931018688,1.234560755,19
-0.083312773,-0.065729522,19
0.03715498,1.551660125,19
0.578753614,-0.220362781,19
0.067493189,1.177581106,19
0.261013047,-0.155765058,19
0.566736564,0.77054443,19
0.515534743,1.026534602,19
0.010782115,-0.050453177,19
0.481456096,-1.311412303,19
0.692582556,1.070993974,19
-0.0396717,-0.334011794,19
-0.537150955,-1.322774425,19
-0.695389317,-0.347357443,19
0.512467928,-0.226600186,19
0.471205692,0.310872853,19
-0.155892956,-1.025275712,19
-0.25827309,0.180022981,19
-1.107741586,-3.136521473,19
0.587207878,-0.117442841,19
-0.035557229,1.514815512,19
-0.409162801,-0.325035201,19
-0.047367947,-0.440875607,19
1.261672724,-0.059566373,19
0.42821486,-0.978129452,19
0.379917186,-0.947339152,19
-0.406653661,-0.306410084,19
0.449519653,-0.83394944,19
0.347011942,-0.394278893,19
0.637036381,1.577828595,19
0.469457845,-2.21243682,19
0.083286409,0.795827869,19
-0.946151272,-1.136066356,19
-0.165891118,0.883994115,19
0.020107582,-0.098124817,19
-0.462849234,-0.200150721,19
0.337017148,-0.706457992,19
1.016314365,0.164095201,19
0.134688323,0.076659425,19
-0.332779973,-1.69980178,19
-0.279106455,-0.348833541,19
0.922657143,1.787934282,19
0.209595468,0.250479432,19
1.40185116,0.343688717,19
0.331139223,-0.239856989,19
-0.370653847,0.479211866,19
0.587086335,1.045951069,19
0.45656106,-0.250467502,19
-0.920167841,-2.091849299,20
-0.662846536,0.400633538,20
-0.750884171,-0.335495084,20
-0.398293795,0.554459239,20
0.158512254,-0.081902403,20
0.03377128,1.416991183,20
-1.599193576,-0.02511587,20
-0.671654091,-1.304098591,20
0.163397414,0.448692132,20
-0.460898193,-1.196123709,20
0.077245074,0.250252186,20
-0.15949794,-0.569468183,20
-0.469827604,-0.416524266,20
0.11124558,0.755007433,20
0.418395415,1.683541933,20
-0.383742825,1.071080833,20
-0.870829229,-0.879372121,20
-1.101947437,-0.103384908,20
-0.459475207,-0.225764624,20
-0.065798125,-0.026242139,20
-1.169767731,-2.428027533,20
-0.306004455,-0.548549449,20
-0.680414614,1.17390274,20
-1.888670398,-1.93849835,20
1.106293994,0.842586007,20
0.51827,1.382073797,20
0.749482994,1.742220483,20
0.851958825,1.393357636,20
-1.010071262,-1.404487613,20
0.016647832,0.198420152,20
-0.655820973,-0.180010205,20
-0.146501738,0.729859057,20
-0.406388005,0.798145556,20
0.290384912,1.221616872,20
0.007148063,0.134153338,20
0.120336755,-0.95076646,20
-1.058905106,-1.428411632,20
0.089009409,0.351689538,20
-0.528971246,-0.896144714,20
0.92744394,0.522223504,20
-0.995985932,-0.415541666,20
-0.471872548,-1.473167811,20
1.129363498,1.052630426,20
-1.152149201,0.173794192,20
1.473963934,0.94843258,20
-0.287985469,-0.242222963,20
-0.605142136,-0.884693965,20
0.236260073,-0.408211149,20
-0.246474345,0.124829131,20
-0.329608708,0.214854772,20
-1.817670339,-0.395122495,21
-0.376070366,-0.380342022,21
-0.95170284,0.277007246,21
-1.561952006,0.727635281,21
-1.030745876,-1.444504605,21
-1.888765259,-0.083492614,21
-1.133402763,0.723321907,21
-1.188652636,-1.898053163,21
-0.989670991,0.542083214,21
-1.960261835,-0.181778116,21
-1.277332937,-1.901203388,21
-2.228586628,0.369408329,21
-2.136280991,-1.084552315,21
-1.692016857,-0.305817152,21
-1.848725283,-0.964670615,21
-1.118011028,-0.301970509,21
-1.662358272,-0.083527312,21
-1.500023567,0.951677939,21
-0.582391872,1.4163684,21
-1.21985347,1.593077165,21
-1.307143768,0.199138328,21
-1.79337127,-0.049879842,21
-1.710202299,-0.057487573,21
-1.263023021,0.955720182,21
-0.298397179,1.039290136,21
-1.207272153,-0.139761211,21
-0.661569476,1.168202168,21
-1.3883337,-0.10399016,21
-2.787882116,0.315755105,21
-0.55598954,0.946436423,21
-1.372907606,-0.81216751,21
-1.085223533,1.409522963,21
-1.846567952,0.832718396,21
-1.754325696,0.072375472,21
-1.763440949,-1.599516631,21
-1.184334099,0.117494953,21
-1.961365577,-0.587970463,21
-1.524768867,-0.470654117,21
-1.591692586,-0.769203675,21
-0.708146637,-0.572824509,21
-2.131204485,-0.164231938,21
-1.789134502,0.211553771,21
-2.361391168,2.391418403,21
-1.372382725,-0.459655456,21
-1.380298878,-0.918246722,21
-1.414705103,-2.09923539,21
-1.214840473,-0.30272084,21
-2.025395721,1.487475735,21
-1.432056845,1.606421468,21
-1.189808471,-0.798003905,21
0.270125199,-0.085716007,22
-1.219073068,1.611081996,22
0.743439442,-2.120585652,22
-1.069368967,0.290342028,22
0.09525828,-1.583933888,22
-0.141502227,0.633605244,22
-0.702169707,-0.987423536,22
0.048522801,0.434751777,22
0.728556321,-0.980142356,22
-1.975062319,1.298955512,22
0.311569018,-1.891285622,22
0.918474628,-0.405691703,22
0.569483226,-0.964664171,22
-0.940666737,1.854849711,22
0.303892281,-1.10969191,22
0.270039518,-0.561793879,22
0.416895818,-0.073851886,22
-0.506367417,2.507289783,22
-0.048107279,-0.309586402,22
-0.215983983,-0.497935993,22
0.058098933,-0.680230847,22
-0.047444901,0.317716242,22
0.718980385,-1.0816349,22
-0.704823446,1.110789357,22
-0.649757515,1.014362899,22
-0.420187828,0.542123403,22
0.108889626,1.017863281,22
-0.850254658,2.180984416,22
0.157096821,-0.333810375,22
0.368295687,-0.019148698,22
-0.017907967,1.006930536,22
0.600075192,-2.575400955,22
-0.173077072,0.970777483,22
0.100201484,-1.222239061,22
-1.02151407,0.192624746,22
-1.444895965,0.941492758,22
-0.408417508,0.3910911,22
-1.395516077,1.073648765,22
-0.592595337,0.395946351,22
0.11773281,-1.56279415,22
-1.126647711,0.206217194,22
-1.640949491,0.927660116,22
-1.002274693,1.624692657,22
-0.101504543,-0.330028979,22
0.113827151,-0.772120093,22
0.991691051,-0.796492083,22
0.575792421,-0.229635045,22
0.147283456,0.395847125,22
0.099234752,-1.252626168,22
-0.45136662,-0.267611291,22
-0.674149452,0.855346783,23
-0.783560184,1.566748019,23
0.395713877,-1.403928482,23
-2.799861438,1.079745732,23
-1.103181783,0.321891831,23
-0.562286368,-0.89333186,23
-0.904955011,0.195920554,23
-0.730829645,0.368423687,23
-0.792561176,0.998009581,23
-1.203816718,-0.05321247,23
0.22622369,-1.68993115,23
0.47960484,-1.38919368,23
0.558802507,-1.744864089,23
-0.927906491,0.584932629,23
0.275555752,-1.663778703,23
0.273636134,0.955549144,23
0.027813068,-0.202647665,23
-0.576858693,-0.790975411,23
-0.401838059,0.154022275,23
-0.766391672,0.40073132,23
-0.56806432,0.026108632,23
-1.359952951,0.551380198,23
0.60129333,-0.949514136,23
-0.028109668,0.112719467,23
-0.124765458,0.823406286,23
-0.293249217,0.226911284,23
-0.117406897,1.155928281,23
-0.298895699,-0.23405975,23
-0.574778747,0.548638113,23
-0.160105206,-1.172017543,23
-1.441739641,0.88826154,23
0.591858335,0.076953694,23
1.763040755,-1.806796267,23
-0.582495721,0.251548297,23
-0.008870118,0.230555115,23
0.464428955,-0.500931058,23
0.189157221,-1.458555827,23
1.173164735,-1.116912189,23
-0.553205786,-0.511352008,23
-0.142182566,0.225107184,23
-0.546872893,-0.466932743,23
-0.894993079,0.313560295,23
-0.773294131,-0.112526367,23
-0.673930087,0.146057566,23
-0.34754626,1.281083056,23
-0.645696603,-0.378548656,23
0.00186437,-0.970725212,23
-0.23800959,1.399777,23
-1.008932332,-0.09021934,23
0.461286368,0.429819753,23
-0.174250329,0.016499242,24
-0.605902775,0.205737605,24
0.529936051,-1.724619216,24
-0.552073131,0.317000531,24
-0.329202314,0.478652818,24
0.253896906,1.250822864,24
-0.533343199,0.980535508,24
-0.422452086,-0.280167795,24
-0.087907747,0.848168693,24
0.31306089,1.902897055,24
0.776419378,0.634876879,24
0.107111407,1.296067954,24
-0.181519235,-0.384305506,24
0.858035531,1.055105238,24
0.106953499,-0.387027656,24
0.267035839,0.300459989,24
0.415631003,1.145788321,24
0.43774307,-2.077168869,24
0.647902719,0.634291686,24
-0.000752285,1.36520232,24
1.120936262,1.68069962,24
0.235166475,0.413315239,24
0.63262696,-0.375421194,24
0.203095971,0.299281201,24
0.303903822,-0.024365278,24
0.225134774,-0.250929539,24
0.918381571,-0.215280831,24
-0.053917404,0.353753981,24
0.199209985,0.035586267,24
0.515528171,0.556567649,24
0.415602399,0.961131826,24
-0.254008186,1.641711057,24
0.158337318,-0.376652727,24
-0.383362745,-0.300836019,24
0.921808618,-0.81798053,24
0.592045826,-1.672024635,24
1.137504386,-0.977669922,24
0.141693447,1.707178206,24
-0.611318587,-0.113643819,24
1.017731351,-0.77947459,24
0.71736487,1.58785842,24
0.593079521,0.313116898,24
0.027885634,-2.12365606,24
0.554915948,-0.565591557,24
0.452033424,0.168885294,24
-0.791593655,-0.954622491,24
0.311147198,1.557982134,24
0.24947985,-0.197519759,24
0.545078971,-0.024938957,24
0.079085958,0.405174243,24
1.383106788,0.233821101,25
1.109839288,-1.565820744,25
1.216289376,0.457512675,25
1.006426385,-0.508358702,25
1.998927753,1.41640932,25
0.121236178,-1.012532363,25
2.374192922,-0.303993778,25
2.505757243,-0.569950362,25
0.697860623,0.176934804,25
1.705675572,-0.673315066,25
2.01129029,0.349737528,25
2.449091152,0.650968727,25
3.163252326,1.928338489,25
0.411774569,-1.379127808,25
2.481473667,0.888362894,25
1.133548505,0.341263803,25
1.039789508,-0.518387988,25
-0.625551112,-2.294937986,25
-0.140545842,-0.87305362,25
0.791448327,-0.467490097,25
0.916870113,-0.972312497,25
2.245907224,1.276089353,25
2.352814207,0.099749417,25
0.893891545,-0.545993048,25
1.060618369,0.931827509,25
3.561947474,2.151493222,25
0.885225181,-0.180322927,25
2.026854745,1.23419132,25
2.780569617,-0.159208319,25
2.501456776,-0.228889166,25
1.781012917,-1.254547522,25
0.967441049,-1.45037678,25
1.767299634,1.384701702,25
0.713128529,-0.743991262,25
1.705478394,0.35481939,25
1.604399872,1.003323425,25
0.885913186,-0.46576057,25
3.415435827,1.252687776,25
3.258979459,1.249139184,25
0.499915143,-0.155292669,25
-0.011497841,-1.368023381,25
2.740157644,0.783011026,25
2.107639253,0.70515079,25
0.544950594,-1.047198968,25
1.273597026,0.794589226,25
1.632650291,0.356901172,25
3.680510761,1.224052974,25
1.967853488,0.165534352,25
0.83629781,-0.400374172,25
3.13381794,1.34722996,25
0.143458985,-1.236200126,26
0.200729195,-1.000839335,26
-0.260882701,-0.180164356,26
-1.008786582,1.157869417,26
-0.761179476,0.950905174,26
0.229943436,-0.240363468,26
-0.246077617,-0.394565765,26
-0.604587276,-0.583981241,26
1.106585799,-0.82068124,26
-0.773424915,0.130615523,26
0.383972454,-0.698825227,26
-0.849440985,0.962155437,26
0.208577741,-0.953519283,26
-0.461220705,0.892966717,26
0.490483514,-0.806295086,26
-0.304375094,-0.295974413,26
0.075841628,-0.84038505,26
0.021985787,-1.843215484,26
-0.343552452,-0.083418998,26
-0.603799213,-1.881112803,26
-0.540325623,-0.298035292,26
-0.324462532,-0.41353624,26
-0.349961374,0.835491997,26
0.309271558,0.696104088,26
-0.564429209,0.692146247,26
-0.509720516,-0.463042918,26
-0.937618247,0.43637945,26
0.545602417,0.975068325,26
-0.541696487,0.225356925,26
-1.144645059,1.835903955,26
-0.551721379,-1.318404725,26
0.264883271,1.078417369,26
-0.797664342,1.382664022,26
-0.255781576,-0.450108024,26
-0.194018424,-0.101544542,26
0.204198272,0.04643637,26
0.529544027,0.420915814,26
0.061063344,-0.825355653,26
1.04315896,-1.629140113,26
0.4366262,-1.18627651,26
-0.364850896,0.345712666,26
-1.323851383,0.743789306,26
-0.584897927,1.017818865,26
0.076627216,-0.985035465,26
-0.48638923,-0.861064454,26
-0.490473663,0.885750372,26
0.990743916,-2.174926903,26
-0.363316423,-0.212023471,26
-0.919537597,0.700472036,26
1.047273874,-1.634438285,26
0.008019175,0.008523559,27
-0.437623268,-2.634107803,27
0.391492087,0.28162134,27
1.316401383,-0.834482413,27
0.146259813,1.930820268,27
0.250360675,-1.29486912,27
-0.097857556,1.806466011,27
-0.445631916,-1.257510214,27
-0.014294699,-0.463925403,27
0.212889212,1.174260667,27
-0.120936761,-0.359933183,27
-0.249642428,-0.562666974,27
-0.058338837,-0.279269584,27
-0.207265561,-0.640418513,27
-0.015241458,-1.431741714,27
-0.064340189,-0.661226979,27
0.228365679,0.240411558,27
0.282674452,-0.00363398,27
0.622355567,0.145816646,27
1.139529226,1.366937956,27
-0.048770941,-1.527964248,27
-0.555471777,-1.019211257,27
0.56143465,0.715818154,27
-0.530370151,-0.264420071,27
-0.832641601,0.257071472,27
-0.275157665,-1.60044498,27
0.727263378,1.793508993,27
-0.427571256,-0.058738819,27
0.216982418,1.506213175,27
-0.452095766,-0.688998465,27
0.21087485,0.503798335,27
0.199548387,-0.910549925,27
-0.137720481,-0.277748289,27
0.049637978,0.889239111,27
0.36075582,0.092054021,27
-0.243077761,1.213762869,27
0.593551174,-0.000323167,27
0.343544478,-0.792185681,27
0.079940563,-1.620917768,27
-0.59023122,0.670924757,27
0.416323618,-0.839525567,27
-0.162189576,0.035441197,27
0.239616494,1.003692762,27
-0.714941579,0.004455381,27
-0.820362953,-1.050462273,27
-0.931611131,0.562903462,27
0.5436477,0.710789132,27
-0.355914407,2.199568363,27
0.666004252,1.499015062,27
-0.651248197,-1.597942741,27
-0.785646889,1.701164451,28
-0.872758581,0.524814156,28
-1.019017866,0.49959274,28
-1.362107522,0.623237373,28
-0.690532064,-0.500464904,28
0.849783857,-0.283796776,28
-0.532320173,-1.179008707,28
-1.215205169,0.630620451,28
-0.993893097,0.061767627,28
-1.017451883,1.650823374,28
-0.220766461,-0.283187636,28
-1.618814405,-0.453520276,28
-0.253584416,0.076355741,28
-0.53036515,1.396129439,28
-1.103701426,-0.700351704,28
0.341132817,-1.284375552,28
-0.766060367,-0.232335463,28
-0.237623192,-1.515964511,28
-0.641711915,0.408776465,28
-0.234103932,-1.510607901,28
-1.416359695,2.005896377,28
0.109601569,-0.438552762,28
-1.391977656,0.846501936,28
-0.863578503,0.012939793,28
-0.487011592,-0.886356376,28
-0.547136449,-0.796978713,28
-0.157479704,-1.358665176,28
-0.868213451,-0.234874051,28
0.611825007,-1.16439754,28
-1.621869729,-0.014801786,28
-0.296821707,-0.617373785,28
-0.65534684,-1.030689149,28
-0.50892636,-1.018578,28
0.192341959,-1.328855701,28
-0.257058145,-0.8930887,28
-1.579793901,1.601526316,28
-1.696921322,0.871068507,28
-0.598753229,-0.223135169,28
-1.561051807,0.309829917,28
-2.774765685,-0.16478807,28
0.469328502,-1.774858217,28
-2.472774731,0.966563838,28
-0.673128116,-0.274818721,28
0.938206072,-0.935779325,28
-0.825269867,-0.154163422,28
-1.120179052,1.432129145,28
-0.444211765,-0.288511411,28
-1.515468536,0.662692481,28
-1.144789967,-0.013193482,28
-1.204421168,-0.284186273,28
0.52397078,0.100183709,29
1.017823796,-1.528386226,29
0.692369334,0.446230042,29
-0.613278182,0.512291422,29
0.77466136,-1.181429252,29
-0.357638597,-0.235387664,29
0.96661642,0.194368472,29
0.403538701,-0.793849443,29
1.553946076,1.001224231,29
-0.016758836,-0.432586233,29
0.587487736,-0.7898434,29
-0.522201707,-2.341699466,29
1.271901228,0.297941201,29
0.756640185,-0.459456544,29
1.392629438,1.304860133,29
-0.068387504,-1.276592429,29
0.850613244,-0.11795636,29
0.857290762,-1.020752576,29
0.538115193,0.266759589,29
0.785775597,-0.213455425,29
1.171386016,-0.001774143,29
0.727019003,0.508075989,29
-0.303253011,-1.156275976,29
0.936881173,-0.984557044,29
-0.293281006,-1.514028012,29
-0.097137616,-0.407688576,29
1.265201008,-0.552501629,29
0.277856262,0.448029023,29
0.080787648,1.608653054,29
-0.101061793,-2.174859823,29
0.972965839,0.262686403,29
0.161114725,-0.357707885,29
0.605865247,1.481718946,29
-0.106507017,0.501770303,29
0.56698366,0.647229423,29
0.670755141,-0.390251663,29
-0.125520842,-0.9221878,29
0.848139761,-0.196338458,29
0.434840513,-0.309934666,29
0.999714891,0.831818445,29
0.224312237,0.102955511,29
-0.519805598,-0.119492413,29
-0.345013268,0.089883722,29
1.348793565,0.503167094,29
-0.041181493,-0.613744323,29
0.562089156,-0.68957114,29
0.003345992,0.72573051,29
1.244538339,1.702553424,29
0.816083799,0.687788778,29
0.88468451,-0.279404938,29
0.168413249,-0.46965318,30
0.421219578,-1.055386135,30
1.224289384,-0.660299027,30
1.323566434,0.91823487,30
0.00164301,-1.504856829,30
0.196922936,-0.255023739,30
2.747284959,2.102201654,30
1.133279234,-0.162443599,30
1.7042386,1.36452191,30
0.223729291,-1.332493503,30
-1.824462792,-2.634386989,30
1.030072719,1.518486392,30
1.417864029,0.270086495,30
1.29666908,0.781271804,30
1.968235142,2.189580582,30
2.042027065,1.48062889,30
0.578975787,-0.145380339,30
1.005073905,0.62057893,30
0.688595525,-0.513102222,30
0.697488594,-0.017904443,30
0.898906115,0.527001232,30
0.724247572,-0.165270732,30
0.324324054,0.210669548,30
-0.222498072,-0.620911757,30
0.814470632,0.587649221,30
1.091757803,0.621989695,30
0.339849578,-0.459098316,30
-0.601839672,-1.430281693,30
0.809936749,-0.5080417,30
2.404110829,0.506003068,30
-0.07570221,-0.111005605,30
1.297726083,1.011453613,30
1.233046659,-0.156132886,30
0.258637663,-0.296294879,30
0.521164724,-0.309032729,30
1.972433362,0.476162557,30
0.370975227,-0.673316668,30
1.261588545,0.466316856,30
0.577488644,0.447096286,30
0.27945726,-0.948742971,30
-0.246368835,-0.325482268,30
1.583125034,1.651262161,30
1.617607502,0.912268176,30
0.359222643,-0.651152632,30
0.628762278,0.414444752,30
1.802374303,0.686706382,30
0.718731966,0.389914863,30
-0.575995692,-1.515781849,30
1.346121162,0.092313767,30
1.825261764,1.117167969,30
-0.658655708,1.428273964,31
0.688463377,1.589352876,31
0.577308141,-1.088344529,31
-0.857588798,1.92223312,31
-2.069041341,2.214505312,31
-0.774743035,0.498567308,31
-0.36672446,0.584660884,31
0.201012965,-1.852634049,31
-0.58328191,-0.099477922,31
-0.316917883,0.499284692,31
-0.575985751,0.210592885,31
-0.290358009,-0.302325389,31
-0.916972822,1.29793516,31
-1.107132449,1.208504557,31
0.385647102,-0.744964144,31
0.910480997,-1.551037605,31
0.323241919,-0.728964376,31
0.284093223,-0.31977783,31
-1.265032079,0.508731333,31
-0.245164206,0.41498563,31
0.31482099,-0.414886864,31
-0.677460098,1.188504959,31
0.07336124,-0.350159987,31
-0.884777919,1.602049398,31
-1.097447669,2.093880806,31
-0.260663051,0.651273931,31
-0.642246914,0.545497584,31
0.202308751,-0.479506069,31
-0.711913098,0.433434749,31
1.045735359,-2.631518946,31
-0.161593851,-0.105002341,31
-0.760105253,1.23051784,31
0.310315427,0.171998473,31
-0.788460363,-0.367337683,31
-0.025417956,0.068666659,31
0.69538532,0.154450187,31
0.815496805,-1.7373228,31
-0.395966536,0.594141349,31
0.021454354,-0.26437575,31
-1.446876826,0.677764815,31
1.08666663,-0.313502179,31
-0.908554496,0.14268025,31
1.148873991,-0.865753254,31
-0.578935504,0.709075771,31
-0.957528651,-1.02613977,31
-0.760930269,1.272228384,31
-0.344987384,0.148398587,31
-0.358882458,0.93581974,31
0.745324689,-0.676537238,31
-0.389808372,0.807509187,31
0.670158713,-0.226600748,32
2.105655538,-1.157683588,32
0.612409797,-0.120865425,32
1.224508437,-0.372640389,32
-0.164382799,1.049866572,32
2.025610602,-0.638256002,32
-0.783111268,1.503042204,32
0.594792763,0.435059084,32
-0.049769133,1.482572999,32
2.256061376,-0.927487947,32
2.251327844,-1.23444867,32
0.94203738,-0.058844557,32
-0.848213036,1.907999834,32
0.594219484,0.933333685,32
-2.184634648,2.17899604,32
0.627519549,0.071858597,32
0.69298486,-0.65839457,32
2.228124886,-0.570873838,32
-0.544476021,0.247528249,32
1.264514584,-0.1254605,32
-0.330094541,1.208985735,32
1.179168036,-0.579717929,32
0.599564644,0.193553285,32
0.849855365,-0.257347148,32
0.672193201,-0.30357232,32
-0.127371049,0.759660942,32
-0.513255862,0.766197159,32
1.04535959,0.312967633,32
0.667499804,0.782228813,32
-0.851872752,1.756931281,32
-0.053279173,1.526112228,32
1.715429329,-1.080428392,32
0.279879223,1.34143577,32
-0.807986703,-0.443497182,32
1.133029307,-0.495468655,32
0.823825999,-0.587484651,32
2.735532895,-1.91586019,32
-0.368624724,1.241772269,32
-2.164434105,2.823314311,32
0.551668675,-0.606561344,32
-0.5147245,1.609754742,32
-0.211377258,1.16199474,32
0.300381111,0.370563874,32
0.178471499,0.237471981,32
1.840035476,-0.472631856,32
1.547120731,-0.346938338,32
4.014275387,-2.676840202,32
1.302608247,-0.690896644,32
-0.397538334,1.724481798,32
0.338163671,0.391926764,32
0.125130264,0.814722745,33
0.474405143,-0.987039211,33
1.105779666,-0.91130059,33
0.950512952,-0.825499458,33
0.049889917,0.572411293,33
0.348251446,-0.625006225,33
0.940584474,-1.255509872,33
-0.23265314,0.327524262,33
1.175230944,-1.366525421,33
0.927665587,-0.896149281,33
-0.072149817,1.237980697,33
0.643856343,0.655525456,33
-0.109011114,0.319433539,33
0.46984629,0.553866826,33
0.084998996,1.263580398,33
0.716598492,-0.409824352,33
-0.518153896,-0.116096577,33
-0.224895583,0.105723142,33
1.699398691,-0.511602377,33
-0.139923404,1.070412226,33
-0.5537242,1.989778585,33
0.642214475,-0.444447077,33
0.368681616,-0.694596118,33
0.000926229,0.297523548,33
0.557074282,-0.147557092,33
-0.286273861,-1.127314522,33
0.538951089,1.527371997,33
-0.964872308,1.434221751,33
0.235809782,-1.083221036,33
-0.138862819,0.742676131,33
1.41368913,-0.655282669,33
-0.348483892,0.519801354,33
-0.133945722,0.39666075,33
0.55513826,0.283691428,33
-0.798871007,1.637002015,33
0.0890268,0.363455866,33
-0.676617816,-0.078857089,33
1.161932504,-1.539804799,33
-0.736827234,0.348657089,33
-0.224799051,-1.260316818,33
-0.674587299,-0.231382982,33
1.199110616,-0.911608534,33
-0.206531866,-0.232792892,33
-0.362546798,0.180270182,33
0.474454377,-0.070862657,33
0.701901506,-0.528180074,33
1.110861595,-0.406743243,33
-0.44433884,-0.380540186,33
0.381648258,-0.741421508,33
0.66887757,-1.285137977,33
-0.418215041,-1.403452457,34
-1.137386201,2.018222015,34
-0.265475204,-0.173319363,34
0.089988873,-0.044483999,34
0.103952585,-0.918438675,34
0.880042486,1.146458441,34
-0.960353638,0.90486171,34
0.489858919,-0.663742908,34
0.02020906,-0.588942883,34
-0.597829666,-1.202129026,34
0.469574523,-0.605593167,34
-0.347500493,-0.399219566,34
0.032821389,0.902415705,34
-0.924637764,1.275966141,34
0.055267372,-0.301655868,34
-0.1264119,0.027097321,34
-0.916183049,1.947607877,34
-0.233419703,-1.82418159,34
-0.050340912,0.14905438,34
-0.453197774,-0.076076949,34
-0.285428308,0.425530355,34
-0.351662031,1.093234465,34
-0.095515645,-1.136007686,34
-2.081992312,1.469818218,34
-0.380032985,-0.555090377,34
-0.229228873,0.012143388,34
-0.152561765,-0.065818005,34
-0.441477663,0.296699422,34
0.223113691,0.232065729,34
-0.145257621,-0.047444798,34
0.535673962,-1.073985636,34
0.036873933,0.109511779,34
0.066142167,-1.108868969,34
-0.023780595,1.311413179,34
-0.311581395,0.300355124,34
0.479383536,0.366152437,34
0.602532041,-1.10271885,34
-0.293314399,-0.30343945,34
0.281009281,-1.981514734,34
-0.697300908,1.043220529,34
-0.701839281,-0.107760537,34
-0.281745546,-0.295223797,34
0.778574116,-2.295549676,34
-0.325950543,0.156699809,34
-1.052696725,0.024745396,34
0.136478835,-1.451030303,34
-0.040007524,0.240914297,34
0.744950045,0.340684049,34
0.502150873,-0.626104145,34
0.109178086,0.240114054,34
0.632179476,-0.279584318,35
-0.355987332,0.91664281,35
-0.631143237,0.221935737,35
-1.820745418,1.017904707,35
0.727982429,0.784111435,35
0.16198937,-0.705744139,35
-0.99479341,1.023848893,35
2.27649867,-1.022611478,35
2.39532538,-1.575839877,35
-0.786141884,0.241983525,35
3.227495627,-2.214242274,35
1.410849338,-0.802533374,35
2.985821556,-1.848982722,35
-1.284658747,0.863830999,35
-0.483259446,0.447692806,35
0.704298025,-0.066385192,35
0.8038211,-0.678307242,35
-0.931041787,0.558912955,35
0.570543357,-0.85858134,35
-0.499046521,0.047387132,35
-0.304394576,-0.059544318,35
0.137499813,-0.345456541,35
1.069996409,-0.092776195,35
-0.756777462,0.987726069,35
0.084500636,-0.141198601,35
0.416929526,0.129604665,35
-0.723713001,0.788418587,35
0.103451215,-0.034666659,35
-0.385927369,0.831914248,35
-1.269140363,0.547580711,35
1.235641367,-1.606222517,35
0.3477597,-0.642890185,35
0.519709062,0.523278954,35
0.228914482,-0.09491533,35
0.009996245,-0.555910724,35
-0.381902511,0.035704979,35
0.171826326,0.072914345,35
0.743975548,-0.290049539,35
0.823435503,-1.236508246,35
-0.039482149,0.846857604,35
-0.392087674,0.977004068,35
0.766569152,-0.349921627,35
-0.828359475,1.537854772,35
1.601610006,-0.962337733,35
-1.96508686,1.933731672,35
-0.725657487,0.178650752,35
0.129297322,0.702020393,35
-0.714555243,0.314317274,35
-2.150458517,1.447985791,35
0.86008156,-0.153868046,35
-1.054543561,0.622065488,36
-0.752421495,1.251668591,36
0.202098327,-0.337410434,36
-0.723614448,0.383794052,36
0.049161759,-0.491447282,36
1.887941261,-2.25440262,36
-0.311084708,1.537176833,36
-1.00507335,0.476377235,36
-0.186016906,1.075711176,36
-0.115864342,-0.504136595,36
0.173740273,-0.442484282,36
0.441788021,-0.845347755,36
-0.003468523,0.477704908,36
-1.040890198,1.039685684,36
-1.441051602,1.370834928,36
1.299304599,-0.370917935,36
2.207489949,-2.170710301,36
-0.77861718,0.52628135,36
0.651964988,-0.383575331,36
0.592322758,0.459639763,36
-1.316829828,2.226721756,36
0.839143499,-1.027308947,36
0.320585476,0.574587877,36
0.834726165,-0.05429675,36
0.337318564,-0.611399365,36
0.103806988,0.531060585,36
-2.022967276,0.972356281,36
-0.030095785,-0.935981217,36
-0.570825245,0.471044562,36
-0.163914607,0.976045292,36
1.543969376,-2.344902648,36
0.831574997,-0.256078658,36
0.20039033,0.179239524,36
-0.792456111,0.431030925,36
-1.132512861,0.865582596,36
-0.279020136,0.745075605,36
0.483033736,-0.881945766,36
0.606781045,0.323799297,36
-1.187164285,1.720373432,36
-0.672845929,0.479768845,36
0.282881726,-0.301629846,36
-0.068426665,-0.560088879,36
-1.245505827,1.038332551,36
1.88644293,-2.032839941,36
0.110290977,-0.307000508,36
-0.834452001,0.573405144,36
-0.620044855,1.116984015,36
-0.221606462,-1.105976651,36
-0.649150431,0.61762504,36
2.015288191,-1.854768904,36
2.409950547,-0.821416235,37
1.756587805,0.484804318,37
1.716008833,-0.862534311,37
0.628228626,-0.648958163,37
1.880756222,-0.908678324,37
2.316207966,-1.075110405,37
1.881723602,-0.759816815,37
0.782631014,0.319184322,37
2.413516053,-0.986820981,37
0.784681147,2.049890103,37
1.184127284,0.209719093,37
1.674534907,1.026478583,37
2.15533684,-1.730178633,37
1.855650441,0.12972646,37
1.118839507,-0.698536804,37
1.040845578,0.897645425,37
1.695415421,1.00798497,37
0.205964521,-0.728726313,37
1.17686977,1.468866563,37
1.664262149,2.277860154,37
1.658824798,-0.543142068,37
2.276542781,-0.230600485,37
0.269674321,1.043060996,37
0.644813991,0.801007199,37
2.434322552,-0.623977764,37
2.153658188,-0.632087524,37
1.34021552,0.331399777,37
1.45093064,-0.934876924,37
1.579970995,0.696259593,37
0.811664462,-1.316415504,37
2.346014578,0.717027119,37
1.99766187,-0.028625722,37
1.28816546,-1.860223595,37
1.124919856,-0.082834228,37
1.563336488,-0.9051079,37
1.769236543,0.976805454,37
1.319982143,-0.85448399,37
2.142926081,-1.979996725,37
1.108653798,-1.486954997,37
2.011393149,-1.092043439,37
1.910279018,-0.949261822,37
1.541660279,0.414485109,37
0.944691824,1.575381039,37
2.86945321,-0.202998932,37
1.533158625,-0.161164974,37
0.378808095,-0.129248813,37
1.970189594,-0.799051166,37
2.568978765,-0.594430305,37
1.172466356,-1.118242416,37
1.518246183,-0.659276701,37
-0.311358327,-1.122320782,38
0.280615464,-1.043350629,38
-0.458652293,-0.346359242,38
0.711050081,0.369267275,38
0.558344214,-0.147341356,38
0.727419257,-0.379356407,38
1.303458479,-0.305371687,38
-0.242485668,-0.720577315,38
1.864187439,0.226169441,38
-0.590505363,0.369408961,38
0.054905916,-1.152604306,38
0.883111146,-0.022965882,38
0.342329003,-0.034094583,38
-0.329642011,-0.877890138,38
-0.978352103,-1.739380743,38
0.539465509,-0.370464635,38
1.043811849,-0.045354637,38
0.328794209,-0.680138115,38
-1.013344856,-1.682087221,38
0.611803714,0.58370143,38
0.226721343,0.283822036,38
-0.262293174,-0.403808532,38
-0.311532691,-1.153116548,38
0.539480047,0.06079197,38
0.688716013,-0.11583871,38
1.086308547,0.23963057,38
1.352004333,2.004615088,38
-0.878969922,-1.604379706,38
-0.881400313,-0.095826091,38
0.761302946,1.28000017,38
3.152488194,1.861216019,38
2.086316757,1.977567572,38
0.802199584,0.058135042,38
-0.164184061,-0.260686734,38
-1.885088254,-2.016413517,38
-0.613558507,0.335671839,38
0.48624954,-0.575362596,38
0.036917153,-0.613448517,38
-0.210014259,0.333019594,38
0.77263903,0.452863151,38
0.427903543,-0.649614462,38
0.704332679,-0.526016094,38
-1.01595327,-1.639887601,38
-0.756497535,-2.146234006,38
1.206554238,0.449670128,38
0.70710847,0.653472549,38
1.147985771,0.318096724,38
1.068816574,0.313377917,38
0.443546912,-0.451208614,38
0.234863549,-0.129314068,38
1.030310573,0.338848089,39
0.390994786,0.344973303,39
-0.475134889,0.460308113,39
0.462642145,-1.440570457,39
0.779151768,-0.194022463,39
1.242848647,0.268661004,39
0.871314592,1.773020495,39
1.352547353,0.605663583,39
0.000412537,-0.805886272,39
0.491702698,0.45138712,39
1.583834043,1.064761945,39
0.529392138,0.343524331,39
0.401093084,1.002579017,39
1.56066667,1.075373431,39
1.379799238,1.322554246,39
1.246277627,-0.633111892,39
1.560895929,0.818432495,39
1.066582816,-0.520886746,39
1.263060304,1.760059003,39
1.213240022,0.596862045,39
0.772072162,-0.737995747,39
1.566631289,-2.033112094,39
0.106937193,-1.047468647,39
0.838882044,0.399683635,39
1.656362025,1.355485924,39
1.619076444,-0.616253591,39
1.385650972,-1.748247602,39
0.29250519,-0.416932764,39
0.214386329,0.942399396,39
1.310757406,0.232520384,39
-0.487337888,-0.988833738,39
0.240492719,-0.658479545,39
0.831409315,0.185387754,39
0.888873062,1.34984147,39
0.966760673,-0.642488619,39
0.47206489,1.006964872,39
1.468436693,0.436808052,39
1.071468815,0.349259063,39
0.395215491,-1.811715655,39
0.952342021,2.066097723,39
1.181627541,-0.326927547,39
1.646216458,-0.981314558,39
0.976187093,0.08896715,39
0.725299059,1.843955831,39
1.718125824,-0.361328505,39
1.391472266,0.765608524,39
1.110387542,-1.063611926,39
1.46124875,0.605973944,39
0.638265116,0.127306142,39
1.795051947,0.047598928,39
0.298014751,-0.655956193,40
0.183466639,0.491589794,40
-0.132609571,-0.622956797,40
0.18378586,1.62677441,40
-0.127080451,-0.197235856,40
0.176118819,-1.38957503,40
-0.206797742,1.57783207,40
-0.257367733,0.233386771,40
-0.837560074,-0.78714634,40
-0.418627799,0.62692956,40
0.346517215,0.003657054,40
0.229268315,0.722556517,40
0.292704812,0.234543225,40
-1.069824132,-0.649062163,40
-0.203280281,0.43818279,40
-0.095404618,-0.808248933,40
0.651667771,-0.360647938,40
0.729559913,0.040305367,40
1.113518878,0.84721335,40
0.24528938,0.390385622,40
-0.402703146,-2.071588718,40
-0.396540738,-0.701413211,40
0.595173236,-1.182272815,40
-0.041529924,0.213339715,40
-0.217863025,0.22045656,40
-0.474882847,-1.07284721,40
-0.476733591,-0.701707478,40
-0.127654042,0.038417815,40
-0.707386024,-0.116066193,40
-0.202427862,1.118598295,40
-0.449077129,-0.803271937,40
-0.00724884,0.061203804,40
0.359718078,1.338567908,40
0.598771475,-0.893207672,40
1.161910218,1.199730751,40
0.767303591,0.372462545,40
0.528864782,2.00654431,40
0.818603807,0.66839876,40
0.036770518,-0.940063675,40
0.981986465,0.513817219,40
0.345715494,-1.729149719,40
0.624991687,-0.111861566,40
0.75915743,0.981151166,40
0.338246663,0.501644098,40
0.394372303,-0.439245955,40
0.080367017,-0.012864405,40
0.888811774,-0.715911432,40
0.740175544,1.842284654,40
0.990415124,0.758260839,40
0.923052021,0.188643781,40
0.085165858,-0.495514911,41
-0.231501555,0.366226562,41
0.198180124,0.348681212,41
0.409602582,1.108079367,41
0.488955324,-1.116935236,41
0.75125616,-1.741391032,41
0.92110558,0.457962541,41
1.660312705,1.086653333,41
0.468522606,0.929023916,41
0.83349586,-0.032834204,41
-0.185174818,-1.499010957,41
0.65802793,1.287316176,41
-0.419314644,0.483888798,41
0.295656335,0.170373595,41
0.540469818,0.945322913,41
-0.457871642,-2.004166865,41
0.09682421,-0.842514851,41
-0.452655382,-0.213681192,41
-0.899119179,0.110162149,41
-0.174434607,0.83036379,41
0.702872058,0.715197678,41
-0.399442344,-0.080131316,41
0.562003862,0.883568246,41
-0.376720992,-0.555857543,41
0.878231692,0.526914511,41
0.03769568,-1.612194923,41
1.562514483,1.119814225,41
0.926863646,1.371034128,41
-0.323728584,-1.5281516,41
0.366332837,3.199043946,41
0.622822037,0.717607464,41
0.034722767,-1.113640513,41
0.31562209,-0.767436598,41
-0.442935685,-2.984843689,41
-0.291378278,-1.212557149,41
-0.315442849,-0.646428515,41
1.137944196,-0.289905302,41
0.614813815,-0.739248741,41
0.191076491,-0.126693283,41
1.27149206,1.293599453,41
0.054083035,-1.358334868,41
-0.373924058,-1.180759533,41
0.592687646,-0.243943879,41
-1.198023017,-1.429076078,41
0.351989997,-0.13066979,41
-0.566183195,-0.391607485,41
0.788474755,0.904119223,41
0.457929767,-0.485728622,41
0.56985718,-0.556476916,41
-0.164997423,0.238936239,41
-0.52799646,-0.192167834,42
-0.901240133,-0.448541653,42
0.669128856,0.060989226,42
-0.827947927,-1.231418733,42
-0.10233484,-0.253849577,42
-1.279430006,-0.985671928,42
-0.601903872,-0.969810835,42
-0.135583022,0.002200261,42
-0.507314442,-1.402390827,42
0.185257264,-0.766978983,42
-0.318050529,-0.085449911,42
-0.563716355,-0.66784394,42
0.507000811,0.570893636,42
0.591975646,0.531332816,42
0.070938828,0.639814477,42
-0.70914949,-0.851231331,42
-1.111680267,-1.132695855,42
0.525578761,0.599138559,42
0.99842614,1.244485344,42
1.459078375,1.098978605,42
-0.63618979,-0.520154415,42
0.315705841,0.149897695,42
-0.207419164,-0.453308653,42
-1.197812713,-0.54514079,42
0.284352304,0.722136578,42
1.457614436,0.642832578,42
-0.332368279,-1.158414619,42
-0.259841788,0.020082993,42
1.546277387,0.081871314,42
-0.947778715,-0.486934912,42
0.342520995,0.143770956,42
-0.194596964,-0.436935575,42
0.086688481,-0.214453701,42
2.028568802,1.735361506,42
-1.415971758,-1.385421708,42
-0.11917706,-0.758552188,42
0.085558254,-0.65063733,42
-1.804677323,-1.280351924,42
-0.006449894,-0.177926697,42
-2.219815996,-2.422114162,42
0.368808942,-0.109907841,42
-0.642319799,-0.15999127,42
1.509934791,0.780274926,42
-0.509158045,-1.191027202,42
0.327092265,0.067082953,42
2.140560195,1.714042437,42
1.111646179,0.37014236,42
0.776265427,0.331695834,42
0.127695739,0.500428708,42
-0.602656551,-1.022058562,42
0.61520358,2.064623245,43
1.037708346,-0.651138461,43
-0.374301441,-0.035334241,43
1.083518434,-0.067171012,43
-0.013430605,-1.01079324,43
0.22596552,-0.753628634,43
1.434928691,0.209683991,43
0.035437886,-0.316852262,43
1.22680806,1.693334574,43
-0.057260328,-0.004050121,43
0.042029456,-1.4572682,43
0.443321187,0.337511356,43
0.397196759,-0.991745388,43
1.008682993,0.609388233,43
0.661439077,0.331388437,43
0.284425206,-1.162112325,43
-0.342017838,-1.643343406,43
1.599131028,-0.59218916,43
0.546517071,-0.114232572,43
-0.183873332,-0.449273171,43
0.220649786,0.155472878,43
0.732669159,-0.657594794,43
0.465198894,-0.908208341,43
0.267124332,0.026618079,43
1.929802867,1.632663953,43
0.790192912,-0.695332545,43
1.13414945,-0.994104439,43
0.700732047,0.333628861,43
0.217545325,-0.554874981,43
1.661282193,1.608302043,43
0.461519766,-0.199539894,43
0.161564143,-1.186249933,43
0.647545092,0.101109501,43
0.423418876,-0.560089627,43
0.690917863,2.431447653,43
0.292295347,-0.457657128,43
-0.176863227,-1.571191285,43
-0.229272957,-1.202378928,43
0.604123444,-0.831509543,43
0.920414322,0.852438038,43
-0.004439478,0.137890297,43
0.386545871,-0.201089248,43
0.509831133,0.740667593,43
0.248832241,-0.119092212,43
1.908900748,1.558120888,43
1.257196012,0.416823896,43
1.28346001,1.510968491,43
2.081996114,1.971669658,43
1.361014493,-0.698102904,43
0.385598475,-1.022349109,43
-0.042973052,-0.699297775,44
-0.011853719,-0.212848023,44
-0.626961572,0.769611292,44
-0.949986446,-0.200236043,44
2.406448865,-2.116741462,44
-0.097991417,0.306643142,44
0.3248887,-0.795737711,44
-0.355865746,0.431156811,44
-0.195665242,0.369358342,44
0.458942234,-0.749293835,44
0.942050261,-0.49626927,44
0.690816081,-1.035279252,44
0.670058758,0.497539982,44
1.034621358,-1.607849102,44
-0.239452628,0.757974857,44
0.203416156,-0.532370673,44
-2.891439798,2.171279081,44
0.271569555,0.651185608,44
-0.417287546,0.791134528,44
0.340253744,-0.669137735,44
-0.262699828,0.733897111,44
1.070375417,-0.942596111,44
-1.447888523,2.213449322,44
-0.100105482,-0.123384108,44
-0.412051141,0.791169258,44
0.206432048,-0.755264175,44
-0.289088819,1.217698458,44
-0.528335714,-0.50047073,44
0.713638683,-1.854231027,44
1.179675596,-0.150329456,44
0.086017988,-0.961706814,44
1.477312188,-1.524613837,44
-1.192193057,0.139642803,44
0.864015645,-1.085225664,44
0.658852621,0.198734772,44
0.421227027,-1.472482893,44
0.076241295,0.07373542,44
-0.177552468,0.38725893,44
-1.986344815,1.116580911,44
0.935577019,-0.908598061,44
-1.402318746,0.601244455,44
0.721229818,-0.772465395,44
2.37513241,-2.078303794,44
-1.112281841,1.127071729,44
0.394025958,-0.329886351,44
0.688370799,-1.176400127,44
-0.440101409,-1.274322783,44
1.632982713,-1.466476476,44
-0.250570281,0.035132623,44
0.007674685,-0.895229026,44
-0.634143935,0.418985954,45
-0.286940554,-2.412359233,45
-0.813476986,0.054497807,45
-0.421131891,-0.376694478,45
-0.050553307,-0.964435673,45
-0.891664437,-0.17123869,45
-1.711207331,0.880577129,45
-1.047312408,1.605557766,45
-0.255235873,-1.65505327,45
1.033187282,-0.770935176,45
-0.911365953,0.553290634,45
-1.062370288,-0.555732555,45
-0.718284951,-0.441966908,45
-1.757089489,0.673108063,45
-0.343466999,-1.236544602,45
0.254624114,-0.009924367,45
-0.310069433,-0.509852751,45
-0.757170443,-1.452924487,45
0.460555527,1.694653691,45
-1.273096732,-0.457266152,45
-0.658480056,0.753423629,45
0.341352198,-0.658309843,45
-0.504053365,-1.737395395,45
-0.565950676,-2.044753946,45
-1.305741164,-0.769577938,45
0.177350992,-0.72301435,45
-0.518939069,0.799275398,45
-0.551268971,-0.37265211,45
0.343481415,-0.328081655,45
0.581021903,-0.346365168,45
-0.096826465,-0.448300524,45
-0.689208576,-1.581985557,45
0.124196517,-0.387658798,45
0.032168494,-0.237073871,45
-0.267524136,-0.982384114,45
-0.266421428,-0.965473722,45
-0.238365797,0.887211364,45
-1.468967626,0.469066524,45
-0.174539824,1.779808667,45
-1.178623101,-0.77295136,45
-0.148248923,1.281749299,45
-0.164299581,-1.612057694,45
-0.927316743,0.496882547,45
-1.244494389,-1.419630129,45
-0.888197636,-1.220030274,45
-1.536920328,-1.119944648,45
0.103634682,0.431853715,45
0.598811205,0.484779737,45
-1.266897284,0.128487587,45
-0.815732907,0.850326857,45
-0.364922663,-1.366607033,46
-0.820565879,-0.236752955,46
0.086473866,-0.75867796,46
1.521491125,0.777152824,46
-0.213714743,-0.873392199,46
0.996436919,-0.156563047,46
1.154983776,0.037441669,46
-1.863850121,-4.109679653,46
0.849394767,0.754033881,46
0.23313021,-0.523846947,46
1.230630081,0.805571773,46
0.71828322,0.2342757,46
0.563848147,1.382520705,46
1.855565659,1.704585155,46
-0.079301294,-0.506658545,46
1.502871263,2.002462733,46
-0.071779413,0.757135368,46
-0.864795641,-0.816628299,46
0.949474304,0.983939545,46
1.004865861,0.930404191,46
-1.194505069,-1.577531075,46
1.23904719,1.098240216,46
1.08540828,-0.008759248,46
1.157124837,0.480428806,46
-0.332447979,-0.191597332,46
1.77392599,0.386005,46
-1.426555186,-2.037219715,46
-0.07303326,-0.692393044,46
1.115434371,1.157253898,46
-1.635930096,-1.51946487,46
2.155642871,1.661172244,46
2.294448887,1.732631654,46
2.201439722,1.621541879,46
1.152380602,0.52777157,46
0.310434683,-0.537054621,46
0.439000334,0.509672081,46
0.118161668,-0.566813702,46
0.398949501,-0.256186623,46
1.156900295,0.780248967,46
1.527126168,0.80772457,46
-0.539225725,0.339097266,46
-0.218874393,-0.243112972,46
0.373593859,-0.631491625,46
-0.00131668,0.243185567,46
-0.07009696,-0.152811726,46
0.094607367,-0.473034731,46
0.542185745,-0.811954402,46
1.841513033,2.087249521,46
1.884434908,1.772806863,46
1.360039715,1.045757187,46
-2.026724476,0.991357368,47
-1.254992118,1.79336007,47
-3.364935435,1.982542027,47
0.382199874,-1.336187202,47
-0.968179263,-0.207951342,47
0.596156245,-0.854331072,47
-0.926735758,-0.131077885,47
-0.854288527,-0.466494483,47
-0.882800159,-0.895169698,47
-0.776088847,-0.494055946,47
-1.905097349,-0.32736424,47
-0.699295828,-0.876298119,47
-1.065828901,-0.361332257,47
0.507232818,0.014584982,47
-1.239182966,0.727267649,47
-1.696148048,2.095078921,47
-0.439464135,-2.078941542,47
-1.851445723,0.687302639,47
-1.587000369,0.787872583,47
-0.686970963,-1.007537529,47
-0.171985388,-0.605382679,47
-0.194808889,-1.067038677,47
-0.984076632,-0.135453495,47
-1.44188931,0.718966339,47
-1.998377967,0.543232471,47
-0.572956557,-0.452672784,47
-0.851670744,-0.815960705,47
-0.416137998,-0.163027778,47
0.287693283,-1.091640706,47
-1.669852817,1.493926853,47
-1.425595303,1.263232698,47
-0.724349363,-0.262230241,47
-3.261241662,2.228132727,47
-0.350288444,-0.824689982,47
-1.693053782,0.501646012,47
-2.884054321,2.133405784,47
-1.590365364,0.398663271,47
-1.783704798,0.279183735,47
-1.336871434,0.744734002,47
0.201201981,-1.205641084,47
-0.493898603,-0.520454207,47
-0.17255665,0.21154339,47
-1.106071506,-1.416591436,47
-0.003803469,-1.646262958,47
0.378080025,-0.514135283,47
-0.558588141,-0.4511444,47
-0.205225837,-1.599271074,47
-2.53241575,1.718136035,47
-0.135612899,-0.733930444,47
-1.322250399,0.09240239,47
2.899072081,1.679797988,48
1.007402237,-0.592166012,48
1.806065069,-0.609652286,48
1.001016748,-2.03293267,48
1.916548337,0.306358724,48
1.332827816,-2.308187037,48
2.69003705,1.798222499,48
2.186583459,-0.112985219,48
1.158106908,-1.610129451,48
1.304804562,-0.523657265,48
-0.01300627,-1.695302348,48
1.727246745,-0.319708906,48
0.794744772,-0.076917508,48
0.985004689,-1.200989784,48
1.218360964,-1.072156203,48
2.660639928,0.717112641,48
1.804125363,0.667101341,48
2.147673421,-0.580142783,48
2.238280235,0.209025457,48
1.201621502,-0.660050507,48
0.388003338,-1.264179298,48
1.163718726,0.512796949,48
1.117036014,-0.073945302,48
1.566960423,1.442361764,48
1.021803947,0.366664565,48
1.625626663,1.743661757,48
1.221792067,-0.024241397,48
1.83036583,0.914667382,48
1.78765234,0.153255129,48
0.458382443,-2.7283467,48
0.514030151,-1.619033774,48
1.493134416,0.516079925,48
1.281355928,0.736889706,48
1.50355864,0.15735508,48
0.197147045,-0.689936274,48
1.383706815,1.655717962,48
0.749476238,-0.671413501,48
0.309476059,-1.219896835,48
1.64112249,-0.097286738,48
1.761878658,2.197542694,48
0.406081374,-0.114215095,48
0.871721224,0.419459192,48
1.718701219,-0.386132795,48
0.883598199,-1.807113826,48
2.267835711,2.173217146,48
1.067155114,0.652486687,48
0.497685497,0.197802246,48
1.235629427,0.047176083,48
1.024638857,-2.018251484,48
0.848856217,-1.921406818,48
0.524102871,-1.942715228,49
-0.724664147,-0.082710867,49
0.46441533,0.449368781,49
-0.466455374,-1.342746361,49
-0.419341689,-0.786054662,49
-0.016410148,-0.6464674,49
1.043604559,0.673323427,49
1.159626749,1.1805486,49
-0.658259209,-0.876488806,49
-0.194496511,0.803645733,49
0.053167849,-2.626117213,49
-0.214592921,-0.026745291,49
-0.270402808,0.53750203,49
-0.459831641,-0.161818709,49
-0.501580453,-0.444015955,49
-0.376886181,0.624831232,49
-0.554129328,0.489282778,49
0.017814184,0.605150032,49
-0.175661653,0.695314694,49
-0.154602867,-1.043700948,49
0.412693389,-0.446452727,49
0.193530127,-0.528049469,49
-0.703694297,0.445010085,49
0.061271557,-0.943268028,49
-0.418945216,-2.13090296,49
-0.555161431,0.640481011,49
0.548862644,1.329247322,49
-0.158379685,0.636739879,49
-0.645961299,-0.344456143,49
0.267476192,0.626309888,49
0.122878526,-0.485074823,49
-0.141927942,-3.15282172,49
0.162344845,1.460646841,49
-0.102418584,-1.174621827,49
-0.429699011,-0.626798887,49
0.443552335,0.487680634,49
-0.478699072,-0.105224312,49
-0.51944328,-0.448160842,49
0.304066177,0.631416431,49
-0.672899857,0.178741522,49
-0.789034149,0.456191204,49
0.750094383,1.268616224,49
0.048636366,1.579364628,49
-0.226150768,0.668677085,49
-0.517289795,0.327201816,49
-0.559268364,-1.19072214,49
0.082873278,-0.681610321,49
-0.539122411,-0.234099953,49
-0.369508635,-0.00969759,49
0.220268059,-0.030994019,49
0.666610476,0.966003036,50
0.378831922,-0.369763758,50
0.335370507,-1.649590442,50
-1.689128524,-1.675979536,50
-0.565385117,-0.461153243,50
-0.172737467,0.780833183,50
-0.29371548,0.660108971,50
0.520320007,1.46702093,50
0.861211334,1.975151371,50
-0.274509556,-1.253710557,50
0.926926234,1.770790555,50
-0.381771376,-0.777512788,50
-0.173157844,1.618162786,50
-0.054733403,-1.775130791,50
0.248544735,0.954519038,50
1.204201992,0.295352026,50
0.148368517,-0.501250188,50
-0.58907943,-0.642278425,50
-0.223097184,0.3886714,50
-0.568045953,-0.244395816,50
0.723906664,0.853997802,50
-0.385307673,-0.39563181,50
0.273791679,0.861093035,50
0.321087759,-0.580561399,50
0.292902372,-0.148123225,50
0.135713407,-0.039454212,50
0.099735431,-1.662278031,50
0.141781357,1.47857363,50
0.741142593,-0.422984865,50
-0.505920443,0.474169689,50
-0.093120869,0.249745641,50
-0.127755922,0.860425795,50
-0.165356691,-0.556998431,50
-0.172786596,0.40588357,50
-0.98828753,-1.309052942,50
-0.591084735,-0.163735646,50
-0.72164094,0.235972209,50
-0.356556512,-0.932061019,50
-0.039724072,0.60794123,50
-0.302096484,1.35761461,50
-1.473347386,-0.703106773,50
0.485576605,-0.634645552,50
0.666882892,0.203734938,50
-1.177507259,-2.013261408,50
0.17297331,-0.911484533,50
0.186689615,0.278273351,50
-0.077834438,0.200239593,50
0.296962043,1.443343592,50
0.485613418,-0.353713605,50
-0.011273151,2.231583625,50
1.300577357,1.28238744,51
-0.044838214,1.106551217,51
0.722101555,1.097850267,51
1.232045731,-0.367238371,51
1.163581869,0.45700948,51
-0.174399904,0.07002595,51
-0.603496624,2.449746242,51
0.629948274,-0.898073061,51
1.290366877,0.558623589,51
1.092306515,-1.463446133,51
0.931969758,-0.069632574,51
0.891536216,-0.437249368,51
-0.125828852,0.739999444,51
0.978178832,-0.213187361,51
1.423854478,0.331117754,51
0.930522502,-0.801626292,51
0.650533606,-0.687601222,51
0.762193866,-1.298842905,51
1.177372755,-0.715191125,51
-0.081042623,1.713544429,51
0.991599179,-1.694054926,51
0.180530514,-0.552145999,51
0.197417596,1.434468556,51
0.266325798,0.324095885,51
0.460563871,0.650814184,51
0.635863434,0.849059177,51
0.647242039,1.024467016,51
0.680173362,2.135954249,51
0.428778331,0.611148406,51
1.053291153,0.531820705,51
0.742732108,-0.86202641,51
0.39771994,-0.76428505,51
0.310650119,0.461675736,51
1.434268043,-0.813380374,51
0.561251907,1.090552294,51
0.973437962,-0.522685041,51
-0.416032762,0.762316226,51
0.432658037,-1.147429775,51
0.416355384,1.194700659,51
2.130038406,-2.354262524,51
0.535123237,0.227272292,51
1.313357117,-2.145950311,51
-0.12949141,0.834690685,51
-0.570099833,0.160474642,51
0.737701179,0.030455761,51
0.935651925,-1.886652057,51
0.578719955,-1.370067454,51
0.632444262,-0.016564172,51
1.268427445,-0.443518112,51
1.095254608,-1.160813658,51
-1.453550997,2.647483224,52
0.018826738,-0.380510281,52
0.317993119,-0.437238135,52
-0.581498764,0.654612952,52
-0.29942975,-0.482949909,52
-1.203904364,1.164212837,52
0.506647641,-0.440595653,52
0.73005406,-1.850404924,52
-0.16508454,-0.120296987,52
0.116090862,-0.813676297,52
-0.262868729,-0.630408597,52
0.582624092,-0.548041242,52
-1.805539604,1.308404993,52
-1.480445306,-0.650376443,52
-0.889649993,0.650478139,52
-0.407821807,0.756140272,52
1.173842037,0.110033754,52
0.751316408,0.123159666,52
-0.907518495,2.648401046,52
-0.379017057,1.261097909,52
-0.395094198,0.870765482,52
-0.816021446,0.583376876,52
0.489185662,-0.415421591,52
-0.008869869,0.029008301,52
-0.606961437,0.501324066,52
-0.558266632,1.237408691,52
-1.039159052,1.713688048,52
-0.113261255,-0.41688046,52
0.494437635,-0.850854749,52
-0.508896785,0.289275909,52
-0.84638623,1.205169785,52
-1.342767476,0.860698509,52
-0.904051303,0.94192747,52
-0.68486737,1.661934084,52
-0.339741436,-0.403459122,52
-0.476396273,0.219903634,52
-2.014838774,1.773029691,52
-1.524869654,0.74237246,52
0.056188585,-0.547377833,52
-0.101768061,1.01819063,52
-0.397370107,0.260370171,52
-0.349240355,-0.515236729,52
0.696937539,-0.838608255,52
-1.569345954,0.987916821,52
-0.281711948,0.286272488,52
0.862927859,-1.288509136,52
0.145491088,-0.162834758,52
1.01854461,-0.938250891,52
-0.770967058,-1.286615315,52
0.227898335,0.3338259,52
0.152880557,1.142703305,53
0.803825043,-0.736996237,53
0.090582645,-1.235601139,53
-0.358927406,-0.487895943,53
-0.064847184,-1.726226115,53
-0.843088988,0.580644709,53
0.863385107,-1.734482501,53
-0.356556067,-0.040937319,53
-0.135687432,-0.994660377,53
0.726026886,-0.759141835,53
-0.25842452,-0.33980122,53
0.765182457,-1.325065498,53
0.615061879,-0.306382511,53
-0.513675243,0.419510122,53
-0.524493052,0.18214127,53
-0.564548522,0.327765593,53
-0.68008599,-0.923279985,53
-0.367675474,-1.051741055,53
0.21789715,-0.691978853,53
0.679050006,-0.338263776,53
-0.351348543,1.29257009,53
-0.933464031,-0.291835433,53
-0.67815341,-0.145977762,53
0.216277144,0.325365478,53
-0.516807626,-0.126160851,53
-0.47309514,1.132197874,53
0.207020468,0.516880169,53
0.725416388,-2.543753906,53
-0.698104773,0.819447765,53
-1.028399583,-0.367029551,53
0.52895433,-1.336096258,53
-0.225071532,0.415511415,53
0.790347717,-0.444455819,53
0.253232428,-1.42223901,53
0.169351117,0.766839146,53
0.432651053,-0.519140059,53
-0.860150474,0.177795225,53
0.213642529,0.503733392,53
0.547176028,-0.181844785,53
0.296249063,-0.688561427,53
-0.369352787,-0.137964936,53
-0.476016186,0.129469268,53
-0.257677078,0.131375216,53
0.241764767,-0.58695484,53
0.189257137,1.199653692,53
-1.11446865,2.868452827,53
0.033187264,-1.036663293,53
-0.067569938,-1.047150454,53
0.265581616,0.005359166,53
-0.458912392,0.770346396,53
0.845347192,0.855963532,54
0.82549487,-1.577872656,54
-0.189608495,-0.784019258,54
0.727345252,-0.036223743,54
-0.195535352,-0.532622151,54
-0.063756535,-1.222907867,54
0.603957104,-0.072158403,54
0.904682546,-0.574091058,54
0.498705937,-0.034342377,54
0.754741542,2.085907889,54
0.572076376,0.352312489,54
0.307423689,-1.539327955,54
1.251794418,0.288901094,54
0.267073696,-0.195888403,54
0.246613467,-0.727063594,54
0.833714781,-0.98626562,54
0.463593804,0.83156998,54
-0.737546372,-2.074969927,54
0.150229591,-0.775451269,54
0.265150838,-0.732412508,54
1.214014232,-0.823883141,54
0.435198246,-0.0885549,54
0.03665383,-1.019661619,54
1.680423412,0.062296162,54
1.2692137,1.203937838,54
1.081808657,0.854058012,54
2.344336393,0.522546203,54
1.816225209,1.178152746,54
0.156389342,-0.264421411,54
1.114767857,-0.584340872,54
0.317609621,-2.590975128,54
1.189334334,-0.108854289,54
0.899540155,-0.145891009,54
0.657371629,-0.0679915,54
0.12617482,-0.931873839,54
1.546368363,0.686834244,54
0.746352632,-0.495198556,54
0.05476295,-1.812656156,54
0.43782936,-0.540077258,54
0.21735974,-0.408796826,54
-0.477997076,-1.732091058,54
0.147433266,1.188072488,54
0.758044837,-1.944192744,54
0.785393432,-0.075519336,54
0.72977832,-0.501112286,54
1.089644312,1.185432968,54
0.17559139,0.601340251,54
0.943755448,0.222843675,54
0.234368137,1.109340694,54
0.783548547,0.059484876,54
0.953753954,-0.453381272,55
0.329440389,-1.800842267,55
1.098768449,0.470725388,55
0.400471327,-0.241456661,55
1.063671437,1.104611656,55
1.190504575,0.150090913,55
0.986115844,0.420790325,55
0.629703019,-0.474825377,55
0.58499648,0.901153624,55
0.887773165,-1.888179382,55
0.869619971,1.973487617,55
1.653865182,-0.969803921,55
1.207084781,0.276019064,55
2.761190987,0.674268358,55
1.348062544,-0.602694632,55
1.616900521,1.079689162,55
1.293917253,-0.013092149,55
0.361041615,-0.098753893,55
2.157474637,0.750524365,55
-0.687811723,-1.088283865,55
1.781878442,0.809894503,55
0.830440371,-0.030435574,55
0.345174496,0.225957734,55
0.369512602,1.105128962,55
1.670956623,1.019188995,55
1.030307393,0.444018265,55
0.904964844,0.52783206,55
0.736295065,-1.387352441,55
1.180707204,0.079410544,55
0.937757386,-0.1073617,55
1.434254258,0.25637434,55
0.582250786,0.311244882,55
0.868982399,-0.424913084,55
1.168359093,1.049058048,55
1.822787037,-0.914176963,55
0.764905306,0.448588582,55
2.584515565,1.447793878,55
0.438898586,-0.820846558,55
-0.454677221,-1.552141456,55
1.532534709,0.926337531,55
2.025169491,1.077309306,55
0.956107503,1.800373802,55
1.848417688,0.942136532,55
1.16319669,-0.97851206,55
0.823640362,-0.82320398,55
1.064384147,0.030132965,55
1.409420386,-0.828479564,55
0.15017819,-1.249463332,55
0.356440743,-0.221970999,55
0.341349304,-0.846133874,55
1.255264042,-1.479735221,56
0.232208853,1.680590798,56
1.412551348,-0.734413201,56
0.287149571,0.397084599,56
-0.372416591,1.664484457,56
-0.261315822,0.75701913,56
-0.472050892,-0.609893024,56
0.034362478,-0.784749398,56
0.167631565,-0.512543578,56
0.41630807,-0.066936407,56
0.552617824,-0.384028323,56
-0.226669553,1.667921145,56
-0.888529457,1.244055264,56
-0.87971642,0.144468886,56
0.630293825,-0.788624486,56
0.107105489,-0.348032489,56
0.426016232,0.516776332,56
-0.535719866,0.172343626,56
-0.950570248,1.373848519,56
-0.134140704,1.662032241,56
0.783630562,0.267359674,56
0.029347377,0.732562905,56
1.029518879,-1.443413368,56
-0.031936538,1.637589315,56
1.212344492,-0.688231422,56
0.811824286,0.907759271,56
0.147453729,0.479269356,56
0.942677166,-0.773491473,56
-0.758265157,0.943139218,56
-0.746629319,0.560094082,56
-1.261008054,-0.01495742,56
0.286824659,-0.131875946,56
0.187019704,0.015893777,56
0.671647167,1.124483282,56
0.951425405,-0.519189423,56
1.178027367,0.324796883,56
1.315214631,-1.026304902,56
-0.157197325,-0.675763483,56
2.580086122,-2.001225986,56
1.867341109,-0.688769438,56
0.116157722,-1.253899856,56
-0.754189109,1.726327422,56
0.135990339,-0.584498338,56
0.062533535,0.005483011,56
-0.191420061,0.6621332,56
-0.263872215,0.741676618,56
0.69717817,-0.821160541,56
-0.223731658,-0.38179246,56
-0.57875375,-0.367237886,56
0.3034776,-0.027413951,56
1.035001681,1.443786525,57
0.442499196,0.246226139,57
0.263822066,-0.348677281,57
0.803112098,-0.159557843,57
0.422732797,-1.386163764,57
0.782697365,-0.568823164,57
0.204437805,-0.656612914,57
1.539715968,-0.744276533,57
1.096431159,0.749839503,57
1.318774275,1.103131479,57
0.244828624,-0.090724177,57
0.749848857,1.099439269,57
0.94576828,-0.843953513,57
-0.087315728,-0.171996903,57
1.695687374,-1.393463585,57
0.988212463,0.266444808,57
-0.410874533,0.102656609,57
0.018936903,-0.67721155,57
0.286400764,-1.756650976,57
1.388127292,0.013596084,57
2.020552655,0.236853815,57
1.728358255,-0.056899253,57
0.843229813,0.859171245,57
0.701270078,-0.341458203,57
0.43740064,0.083718824,57
1.29734392,-0.534650506,57
1.235443882,0.602107035,57
2.727879006,0.6391999,57
0.333557983,-0.060728834,57
0.687494163,-0.569300334,57
1.100424968,0.253503408,57
1.009541938,0.497971811,57
0.018985128,-0.457715814,57
1.158542572,-0.158058419,57
0.849828953,1.060991181,57
-0.310813547,-1.210015471,57
1.487969711,-2.234930859,57
0.044663733,0.949372628,57
1.715836665,0.014141128,57
1.037571212,0.193605536,57
0.667193106,-0.196144125,57
1.243890142,-0.111780473,57
0.547939868,-0.861152149,57
0.303274679,-0.196403795,57
0.951645114,-2.048548085,57
1.297276941,-1.298896372,57
1.07282207,-0.025500895,57
0.985642794,-0.064963007,57
0.555799718,-0.892172282,57
0.492140349,-1.737950655,57
0.577279372,-1.572737694,58
-1.314288193,-0.087736548,58
-1.559023023,0.909347407,58
-0.614226506,0.797415141,58
-1.623385465,0.902397556,58
-0.669666763,1.017292467,58
-1.362443727,0.685723618,58
-0.35133284,-0.660578052,58
-0.556618494,0.180085225,58
-0.955544587,1.152860992,58
-0.224047265,-0.922646723,58
-0.908923996,-0.275174222,58
-1.571714169,0.891495875,58
-0.429158155,0.066927354,58
-0.871290886,-0.536065905,58
-0.940867545,-0.736463483,58
-0.911816927,-0.008952613,58
-0.45897146,1.096117894,58
0.588719462,-2.097250642,58
-1.404723064,1.862025823,58
-0.53658136,-0.881130677,58
-0.387011225,0.608478653,58
-0.505450253,-0.762005028,58
-0.338748698,-0.914114923,58
0.434292705,-0.967744166,58
-0.379771461,-1.037031218,58
-1.289385321,0.704284744,58
-1.251223442,0.011885888,58
-1.359282153,0.24388738,58
-0.416927419,-0.355535761,58
-1.127468101,0.004189963,58
-0.315788209,-0.240006512,58
-0.793293445,-1.206219259,58
-1.022933822,1.501724253,58
-0.625581522,0.066591814,58
-0.596749092,-0.157477939,58
-1.297329767,-0.175463935,58
-0.283550872,0.222663722,58
-0.756276468,-0.976362365,58
-0.473923373,0.05004222,58
-1.615102757,1.110439776,58
-0.579224931,0.654653143,58
0.312466761,-1.712714981,58
-0.631978481,0.640211079,58
0.175375231,0.087487689,58
-0.659333229,-0.636089239,58
0.993175204,-2.341098633,58
-2.374261532,0.854045049,58
-0.900452588,-0.10541212,58
-0.794363593,-0.086300112,58
0.559809699,-0.046539801,59
0.833808848,1.434284198,59
0.376775493,-0.714784826,59
0.323944362,1.188942346,59
0.897724052,-0.973960287,59
0.657872877,-0.639755093,59
0.763842914,-1.157458041,59
-0.103079708,-1.484654246,59
0.473369845,0.402925046,59
1.137349213,0.628215297,59
0.673439742,0.718352649,59
1.24141621,0.339860259,59
0.800439964,1.613959104,59
0.611344407,-0.119714278,59
0.964624513,-0.666959541,59
-0.75296108,-0.058788121,59
-0.212741365,-0.707719035,59
0.448944973,-1.331938402,59
0.316339359,-1.195053128,59
-0.479095279,-0.444194964,59
0.411417167,0.036917708,59
0.436849778,-1.925726451,59
-0.205035523,-0.456403485,59
0.97211225,-1.385938356,59
0.746589459,-1.63164055,59
0.225418375,0.364712796,59
1.21248499,-0.473614291,59
1.416399099,-0.534424469,59
0.655111939,0.889443008,59
1.322990056,-0.937452976,59
1.27662401,-1.41436314,59
-0.042097344,1.882873307,59
0.048753791,-0.072310232,59
0.899391603,-0.608217758,59
0.205781306,-1.791477458,59
1.582358242,-0.221636406,59
-0.191398494,-0.126602708,59
0.045609896,0.012034972,59
0.617719484,-0.167277595,59
0.343912807,-0.907485231,59
0.032476615,-2.211584453,59
0.162148177,0.50707767,59
0.451873712,0.269471473,59
0.596829785,-0.340032529,59
-0.333477232,0.82912549,59
0.100649845,0.10696292,59
-0.098716786,0.295235442,59
-0.8542586,0.748982485,59
1.570897557,-2.302843787,59
0.54972579,-2.462171739,59
-0.607818883,1.104002592,60
0.009561271,0.337166775,60
1.191532255,0.179314354,60
0.533717002,-1.148855132,60
0.702605764,0.362940858,60
0.172083737,-0.797517156,60
0.238862252,0.879363265,60
-0.039100014,1.44237279,60
0.976115533,-0.103349872,60
1.190078513,-1.847399822,60
0.599596515,0.357620093,60
-0.174899275,0.832997663,60
-0.39282765,0.436090731,60
0.560682873,-1.211940049,60
0.468704254,-0.244492314,60
1.45200966,-1.471192838,60
1.185829754,0.60295743,60
0.093542381,-1.59705311,60
1.201723662,0.596318643,60
1.005881617,-0.7803815,60
1.003432575,-1.891653611,60
1.204310841,-0.126544481,60
0.626247532,0.3376736,60
-0.405113802,0.334062669,60
-0.310322712,0.75879093,60
0.137440531,0.061719486,60
0.996835328,-0.301871649,60
0.349392097,1.056551991,60
1.124416136,-0.747962386,60
0.616135828,-0.378450363,60
-0.229027519,1.962906417,60
1.277874365,0.345989878,60
-0.170298082,1.288283812,60
0.654674293,-1.390928917,60
1.204166188,-1.321664611,60
0.428222643,-0.532662506,60
0.334426125,-0.633490852,60
0.128237244,1.206830955,60
0.000214042,0.86716226,60
1.520531593,0.000173698,60
1.316896351,-2.096003144,60
0.638574016,0.107224828,60
1.154941368,-0.362087028,60
0.498794101,-0.50743546,60
0.693622268,-0.277463337,60
0.971580773,-0.105488232,60
0.457500343,0.336037025,60
-0.265873804,1.530771567,60
0.939987888,1.585162304,60
0.597009547,-0.054276603,60
0.918547566,1.215482016,61
0.573521599,0.647607138,61
-0.231861259,0.975849429,61
-0.025357615,1.302777255,61
0.525253054,0.396071583,61
0.431508785,0.253147935,61
0.646571429,-1.561584527,61
-0.487312119,0.156487121,61
0.315580267,0.85131602,61
0.536777825,-0.989236833,61
0.527103617,-0.112484133,61
0.577340112,0.775056136,61
0.377898695,-1.22207697,61
-0.853610241,-1.707449651,61
0.139414118,-1.100137617,61
-0.945114409,-1.683802201,61
-0.759295267,-0.897384594,61
-0.281592176,-0.862089291,61
0.098257112,-0.294556107,61
1.069578127,-0.458973663,61
0.620470598,0.63242832,61
0.264217845,-0.390634222,61
-0.087370111,-0.223932711,61
0.756571181,-1.839285798,61
0.348376035,0.949736838,61
1.035697634,0.248147204,61
0.021615549,-1.101988291,61
0.409216301,-0.491576668,61
-0.369956997,0.212232397,61
0.05745855,-0.313176897,61
0.207639318,-0.719651702,61
0.612143663,-0.509373203,61
0.932864671,1.630971414,61
1.116034551,0.888091944,61
0.20003343,0.153201292,61
0.849192058,-0.68467721,61
0.830361956,1.318734171,61
-0.321554754,-0.325271312,61
0.388839032,0.26292726,61
0.643082447,-0.009709589,61
0.358579852,0.519554219,61
0.812362511,1.063767631,61
0.658802129,0.329248017,61
1.002115778,-0.505619399,61
0.441004809,-0.08369609,61
1.335045296,-0.19756291,61
-0.140664089,-1.478824124,61
-0.01068251,-0.231364429,61
0.893154242,0.320196004,61
-0.75954076,0.273884473,61
-0.306805925,-0.467298095,62
0.287382579,-0.367908529,62
1.40155972,0.592633521,62
-2.064090031,-2.281980322,62
1.135247496,0.829912882,62
0.882713571,1.119323822,62
1.513396826,0.650703837,62
1.294316507,1.497113481,62
-0.688661989,-0.398316077,62
0.004902626,0.411327205,62
0.29522299,0.095073594,62
0.223062362,0.770504065,62
0.375725213,0.481720595,62
2.118070205,1.873877134,62
-1.1543128,-1.723648617,62
0.476941847,0.786624703,62
-1.185786192,-1.33075743,62
1.125589989,1.092241536,62
1.500154378,1.445655264,62
1.071856671,0.515471962,62
-1.411990951,-0.934022719,62
-0.067801218,-0.67779736,62
0.15120282,-0.758122828,62
-0.220425286,-0.303131854,62
0.647780173,1.359276742,62
0.239402032,0.234825613,62
0.190583879,-1.068352811,62
-0.127418852,0.31525062,62
0.536714956,0.341599332,62
0.585676039,1.351783462,62
0.000960689,-0.757426694,62
0.309747732,0.105978623,62
0.515724026,0.13399426,62
2.46418607,1.620984052,62
-0.044661228,-1.028073925,62
-1.653749042,-1.911205719,62
0.637156176,0.190665662,62
-1.313762834,-1.740521018,62
-1.524310179,-0.196469814,62
0.602733028,0.867351792,62
1.972034809,1.356662562,62
-0.534098155,0.065450409,62
1.030216261,1.349496533,62
0.423467931,-0.113567452,62
-0.349549745,-0.464428488,62
-0.352235843,0.202261574,62
-0.655343256,-0.25397471,62
-2.190361891,-2.363365292,62
-0.735417738,0.178334392,62
-0.71409986,0.011624579,62
0.369362654,-0.51865838,63
-1.417664392,-0.096235324,63
-0.857365426,-0.530201059,63
-0.519957065,-0.187340489,63
1.482066133,-2.121232314,63
0.035352938,-1.367262646,63
-0.019807723,-0.797722727,63
-1.316333944,0.860448861,63
-0.697335219,-1.138013697,63
-0.444137488,-1.611880265,63
-1.071303625,-0.712961497,63
-1.463738692,-0.732325099,63
-1.375430164,0.906507913,63
0.020624894,-0.551728352,63
-0.390115228,1.016912626,63
-2.037476706,1.917795926,63
-1.906415406,1.661592368,63
-1.866232562,0.615370465,63
0.516484538,-0.781726429,63
-2.293293516,1.141037656,63
-0.556577934,-1.674985446,63
-1.047355257,1.233154697,63
-0.514436764,-1.11219476,63
-1.275120989,0.781431876,63
-0.046790874,-1.625865643,63
0.481867773,-0.347131949,63
0.05766211,0.357904304,63
-1.420134769,0.337312729,63
-0.511464835,0.312253869,63
-0.906077867,-0.127895518,63
-0.705751635,0.595017093,63
-0.786937784,0.802360116,63
-0.683690322,-1.245268842,63
-0.982016137,-0.54376902,63
-1.224912742,0.919479869,63
-0.39180204,0.233387277,63
-1.025784781,0.083851341,63
-1.631536718,0.316888373,63
-0.94263152,1.236216332,63
-0.446545088,-1.767471984,63
0.022631698,-0.445188024,63
-0.75716809,-0.627199858,63
0.600936243,-1.548366141,63
-1.617790842,0.697326688,63
-0.125962524,-1.737490701,63
0.267436564,-0.401339078,63
-0.924543941,0.052098385,63
-1.267981032,1.054475136,63
-0.383672462,-1.51826596,63
-0.095203248,-0.599203119,63
0.097515974,0.182870309,64
0.24420201,1.042498357,64
-0.288287043,-0.482309739,64
0.171730227,0.582653578,64
0.736341102,-0.122751476,64
0.032750478,-0.605738523,64
0.053197128,0.889789377,64
0.826807759,1.081754167,64
-0.200407775,0.228777861,64
-0.526336379,-1.061334981,64
-0.801621997,0.691452139,64
-0.483853122,0.109853863,64
-0.346637663,-0.012006935,64
-0.783129366,-1.225349445,64
-0.699790831,-1.050329839,64
0.758142817,-0.597618646,64
-0.063894495,0.379219757,64
-0.089216894,-0.152370648,64
0.874440538,1.34452626,64
-0.107205884,0.684446451,64
-0.159062484,1.669092723,64
-0.77865889,-0.762714512,64
-0.066132009,-1.536033456,64
-0.445642746,-0.014847254,64
-0.661802227,-1.110254039,64
-2.005988389,-1.522043713,64
-0.989167377,0.010723322,64
-0.532312719,0.349864076,64
0.309667097,1.710062923,64
0.301705234,0.37069079,64
0.19254803,1.255874582,64
-1.099075447,-0.698980073,64
-0.240733978,1.318162729,64
0.392543911,1.62046688,64
-0.44754284,-0.572310811,64
-0.236797336,-0.149747047,64
-0.097821161,1.928661155,64
0.877010277,1.24611096,64
-0.784532585,-0.92440102,64
2.166828838,2.46426138,64
-0.27634665,0.171187338,64
-0.403419639,0.990445048,64
-0.235540327,-0.150792409,64
-1.371157506,-0.565025376,64
-0.307126493,0.934593666,64
-0.929983852,-0.585117962,64
-0.384442002,0.680141765,64
0.858451985,0.518154045,64
-0.232168244,-0.940729087,64
-0.851109127,-0.202858833,64
0.800056838,-0.335680189,65
-0.006871695,0.039909277,65
-0.227559629,0.539035176,65
0.633553298,-0.719481437,65
-0.795792261,0.532139841,65
0.46612995,0.119341943,65
-0.358100316,-0.217878701,65
-0.908557703,0.490235572,65
0.749302628,0.240186525,65
-0.989785877,1.777844969,65
0.111071614,-1.176267626,65
-0.539591782,-0.31151477,65
-1.744797337,1.61877018,65
1.057882975,-1.054631613,65
0.016137819,0.61136671,65
-1.205166492,1.220441817,65
0.363780589,-0.286006785,65
-1.475395385,2.407974526,65
-0.391863339,0.151630876,65
0.377071067,-0.55344543,65
-1.751507473,1.029648842,65
1.486340854,-1.456455623,65
0.671391895,-0.406306642,65
-0.257800746,-0.057476769,65
-1.314510914,1.111251865,65
-0.387825993,0.962622457,65
0.10513796,-0.352490974,65
0.884090983,-0.993639458,65
1.925265403,-1.911300657,65
0.18540068,-0.350018392,65
-0.79019651,0.818937658,65
0.493195142,-0.824254156,65
-0.211319296,-0.759805317,65
-0.005561268,-0.412754018,65
-0.929331998,2.051562055,65
0.419234504,-0.246568027,65
0.561274432,0.374279038,65
0.252970359,-0.221389486,65
0.769021501,-0.100171844,65
-1.074763798,1.152169039,65
0.334714903,-0.390288093,65
1.182542005,0.157688627,65
-0.884956318,0.96512111,65
0.192345243,-1.141881344,65
-0.097691118,0.624865377,65
-0.329803467,0.575219544,65
2.195356737,-1.464980576,65
-0.009142062,0.347220254,65
-0.238363895,-0.053415349,65
0.224124136,0.386754669,65
0.994280821,0.163243804,66
-0.001297339,0.692797025,66
1.618587789,0.516622752,66
0.589013341,-0.937677535,66
-0.034065295,-1.346421645,66
1.029814089,-0.22813069,66
0.801892512,-0.629601985,66
1.108169018,0.362113742,66
1.239520673,-0.544466901,66
1.318901473,0.899689649,66
0.688756321,-2.157218721,66
-0.38647377,1.175641899,66
0.253780949,1.142990184,66
-1.027444016,-0.147532642,66
0.88778796,-1.879429863,66
-0.260819041,1.77290015,66
1.076085202,-0.602445458,66
-0.844715722,0.368317548,66
0.097018266,0.283378796,66
-0.439590168,-0.207454256,66
1.268757641,0.307912072,66
1.431675942,-0.372098516,66
0.52966548,1.524269528,66
0.182029888,0.484492484,66
1.181162436,0.487549909,66
1.252414558,-0.936614375,66
-0.139623949,0.193084586,66
-0.024307547,0.559036335,66
0.138054016,0.20472437,66
-0.726419429,0.420423022,66
0.150855267,0.607678183,66
-0.180118856,1.755071396,66
0.264135261,0.44095822,66
0.856956174,0.749218869,66
0.409931649,1.299802814,66
-0.035521678,1.149121714,66
0.655296729,-1.053461533,66
0.6218853,0.13298505,66
1.379544809,0.152441993,66
-0.869531686,-0.363122722,66
-0.096147834,0.353406887,66
1.891761005,-1.583476134,66
0.506844341,0.622166291,66
0.289755976,-0.907188015,66
0.411724259,-0.261169296,66
-0.206715206,-0.701499332,66
0.650566697,0.616447808,66
1.509779836,-0.608626308,66
0.491146333,0.889474007,66
1.242770484,0.198190052,66
-0.539300108,0.249405135,67
-0.349126397,-0.458992479,67
0.194383621,0.170354488,67
0.118299378,1.419461717,67
-0.469806458,-0.519478929,67
0.067916961,0.021195535,67
0.059575537,-1.283451033,67
0.030286158,-2.175815614,67
-0.139630421,0.054514062,67
-1.154649578,-0.319708826,67
-0.087684433,-1.79606352,67
0.424730797,1.090817417,67
0.311695976,1.56476088,67
0.053237174,0.157861476,67
0.145236314,-0.882973123,67
-0.190288893,0.146827843,67
0.78207118,-0.578714108,67
0.689584712,-0.796730722,67
-0.005373238,1.476149459,67
-0.394442331,-0.752869523,67
-0.210480199,0.759015022,67
0.636951676,0.106353967,67
-0.589545971,0.141562826,67
-1.14657251,0.224819283,67
0.164450912,0.323285678,67
-0.330577604,-0.552827832,67
0.024890288,0.240905231,67
-0.125525137,-0.409210271,67
-0.242796431,-0.353430064,67
0.157317356,-0.465884245,67
0.377026184,-0.070431251,67
0.815237081,1.280983034,67
-0.449157233,1.163167703,67
0.251867201,0.009207794,67
1.089994216,-1.103243931,67
0.462835236,-0.140954139,67
-0.92641997,-0.054989468,67
-0.64397823,2.000965477,67
0.741434849,-1.054397143,67
0.49217289,-1.483009679,67
0.898157959,-0.326116614,67
0.282243169,1.200318047,67
0.173649159,0.293681579,67
0.313071104,-0.508181511,67
0.070038321,-0.651724245,67
0.039935833,0.316674546,67
0.043266768,-0.069734926,67
1.197575201,-0.681820918,67
1.365676051,-0.993868794,67
-0.460171901,1.774061621,67
-0.805509162,0.403396,68
0.668524999,-1.032331749,68
0.038270796,0.516612303,68
0.54257872,-0.856235728,68
-0.221439299,1.674991164,68
-0.128756216,0.120583424,68
-0.264454662,0.278071427,68
-0.154848727,-0.583693938,68
0.496585171,-0.316526624,68
0.592633487,0.700653181,68
0.022277215,-0.99994036,68
0.7216384,0.541423264,68
-0.740892311,-0.268313468,68
1.051964732,-1.629928632,68
0.268719301,1.574898443,68
-0.300004757,-0.451909035,68
0.507998208,-1.170520016,68
0.972684601,0.326679189,68
0.433703036,0.744258325,68
0.361322666,1.478060572,68
0.847719172,0.747250443,68
0.892012535,0.630107355,68
-1.030319571,0.436527566,68
0.533810373,-0.540191844,68
0.128611196,-1.241533365,68
0.439937776,2.389395575,68
0.283303368,-0.694019183,68
0.681164748,0.010295258,68
-0.695533101,-0.160812865,68
-0.084835797,-0.13066407,68
0.244836607,0.605752703,68
0.663565799,-2.104863429,68
0.294230937,-1.25952335,68
-0.331095437,0.543135145,68
0.249416832,-0.095618494,68
0.50835113,-1.238827581,68
0.948553518,0.471802477,68
1.83493495,-0.124137443,68
-0.298443248,-0.054718283,68
-0.560311625,0.871482767,68
0.138518643,-1.715456579,68
0.094679591,-0.248988911,68
0.067940742,1.047561257,68
0.118587686,-0.303461115,68
0.358663465,-0.414477812,68
0.729030078,-1.180184592,68
0.061257293,0.136510625,68
-0.160191033,0.059640506,68
-0.784538392,0.856698603,68
-0.172348848,-0.682354611,68
-0.788483927,1.376680938,69
-2.155250321,-0.871390404,69
-1.068366798,0.946245812,69
-0.022512303,-0.199119042,69
-0.251740886,-0.79377273,69
-0.335673051,0.128899642,69
-2.219127862,0.935807096,69
-1.525052309,-0.563902108,69
-0.246552829,0.289596672,69
-1.407020002,0.028699653,69
-1.769263721,1.643699147,69
-1.156952256,0.32408265,69
-0.591918041,0.644557262,69
-1.196950313,0.279410659,69
-0.881254998,0.343738159,69
-0.640172496,2.875709093,69
-0.674147754,-0.793764998,69
-1.445479379,-0.466466292,69
-2.092469676,2.099624163,69
-2.052518376,-0.001086101,69
-1.219581242,-0.698018599,69
-0.642227469,0.072381025,69
-1.332845151,0.051906745,69
0.55797227,1.086299786,69
-1.364569691,-1.222137026,69
-1.193356353,1.168640931,69
-0.419445242,-0.346841119,69
-1.275453343,0.484831336,69
-0.959329522,-0.834390358,69
-0.147703849,-0.738622175,69
-1.33116607,0.51851209,69
-0.205328047,0.417595122,69
0.050271858,-0.055491781,69
-1.19727405,0.171694661,69
0.721507643,-1.5422805,69
-0.621187563,-0.046596065,69
-0.651252756,-0.472540653,69
-0.181573995,1.233442056,69
-0.293135736,-0.293256846,69
-1.28062125,-0.822069534,69
-0.083711811,-0.577661025,69
-0.704833673,-0.895254855,69
-1.83933658,1.65047534,69
-0.994816379,0.132061073,69
-0.277118104,-0.632598673,69
-0.979693232,0.92995875,69
-0.360974005,-1.825593756,69
-1.931236443,-0.568128207,69
-1.426959604,-0.149638638,69
-0.652206949,0.569539329,69
0.001420104,0.994523082,70
0.439673733,1.042732023,70
1.751489865,2.05289218,70
0.19063746,0.118711883,70
3.26411976,2.529867769,70
0.351212427,-0.262408308,70
0.89918357,0.550395111,70
0.926464237,0.284601682,70
1.19567363,1.930189038,70
0.195388178,0.017139041,70
0.095689286,-0.022024308,70
-0.046586015,-1.313117731,70
0.941372303,0.956183266,70
0.825069532,1.610844806,70
0.570237782,-0.146465378,70
0.813955292,1.255393634,70
1.167983786,-0.802015301,70
0.716825469,0.482921756,70
0.357872925,0.524531084,70
1.075004198,0.530258227,70
0.183306336,1.361364486,70
0.368003525,-0.904410679,70
0.71587433,0.708105551,70
-0.118142132,0.140240271,70
-0.035267705,-0.263502388,70
-0.179379702,-1.528290206,70
0.940063837,-0.703371871,70
0.504068201,-0.065264949,70
0.55806604,-0.037618866,70
-0.210079703,-1.084637689,70
0.322385286,-0.626761728,70
0.159489379,-0.854737432,70
-0.81797688,-1.496866888,70
0.385597862,0.04772866,70
0.368205979,0.541247309,70
-0.12346537,-0.834369939,70
0.970790155,1.56172931,70
0.457390708,-0.024637945,70
0.227045861,-0.933188392,70
-0.374406298,-2.325450994,70
0.757274136,0.263645896,70
1.365555275,1.183255321,70
0.805594274,-1.119345401,70
0.825177353,0.376279536,70
-0.036536611,-0.344285434,70
0.555108717,0.548852329,70
1.69984457,1.072349187,70
0.303687478,1.438324298,70
0.313054396,1.376861059,70
0.674046581,-0.077915735,70
0.766999058,-0.561712208,71
0.109792953,0.427094643,71
0.683505543,-1.593323595,71
0.494614797,0.019335107,71
0.300410669,-0.992644298,71
-0.101051218,0.000516002,71
0.338064237,-0.623859684,71
0.192722893,-1.206756469,71
0.554128783,-1.273982675,71
0.429969558,-0.023692386,71
0.287353662,-0.138450926,71
0.750809701,1.40183144,71
0.734055233,-0.610093809,71
0.067734523,0.142444723,71
0.560101936,0.777656639,71
1.446883666,-0.478978488,71
0.45192143,0.943530901,71
1.01416019,-1.037776357,71
1.371269631,0.523019387,71
1.646372233,0.110745267,71
0.622633969,-0.988284532,71
0.624117485,1.322036226,71
-0.232611621,1.438664108,71
0.290972537,-0.661201264,71
-0.071217755,-0.533789205,71
0.947305202,0.154764015,71
0.46023884,2.040713306,71
0.726574412,-1.21144907,71
0.695529108,-0.733843389,71
0.405457179,0.86711986,71
1.19316802,2.877481355,71
1.066811531,-0.759033606,71
0.442707795,0.648167346,71
0.012934478,0.217313939,71
0.544491286,0.110367724,71
0.341725001,-1.373693873,71
0.933351666,0.229940374,71
-0.020076488,0.627974434,71
0.859228859,0.373506422,71
0.571930223,-0.938394782,71
0.522210695,-0.32975875,71
1.123291341,1.052001823,71
0.695993022,1.129455144,71
1.323184232,0.331866426,71
0.556714982,-0.670947431,71
1.673233898,0.929397277,71
-0.045100652,0.155315243,71
0.820248267,0.125669922,71
0.975673379,0.803032833,71
0.05632925,-1.13391776,71
0.756124278,0.137611249,72
1.002363175,0.571384799,72
0.91323263,-0.863156571,72
-0.257624788,0.155605767,72
0.439339872,-0.183147541,72
-0.155210035,-0.801647913,72
-0.594929725,-0.403841406,72
0.265143685,1.370954775,72
-0.131230242,1.591783015,72
0.567178211,-0.249395283,72
0.940080738,-1.395986128,72
-0.233732502,-0.026740033,72
-1.059467603,-0.763280447,72
0.324473931,0.194050668,72
0.582156244,1.370570397,72
-0.010778323,-0.45286963,72
0.825250223,0.12709869,72
0.351966041,0.65891788,72
-0.135250582,-0.912385005,72
0.645065244,-0.456688501,72
0.874710128,-1.001229484,72
-0.117849223,0.657881117,72
-0.275618623,0.740711696,72
1.126740133,0.543325167,72
0.674141573,-1.467795622,72
0.150661576,-1.087542222,72
-0.813789485,0.331905801,72
-0.499818741,0.121398713,72
0.37302895,0.388484067,72
-0.181716326,1.550369318,72
1.038935877,1.620368468,72
0.05830389,-0.652657419,72
0.833017527,0.365795526,72
0.164124589,1.197448672,72
0.535576456,-1.558844737,72
-0.020611827,-0.548628999,72
0.511951174,-1.440356922,72
0.485019917,-0.836009903,72
0.088658574,0.327830041,72
-1.22257497,1.095819686,72
-0.172447983,-0.47122332,72
1.332741196,0.238477986,72
0.102935078,0.542419895,72
1.099452375,-0.257864062,72
0.639809429,0.043264627,72
0.051803128,1.575711854,72
-0.716739962,0.583582912,72
0.147310679,-0.43837602,72
1.117178205,-0.173481767,72
-0.212438627,-0.316238805,72
-1.234324372,0.590124829,73
-0.116302868,-0.082500008,73
-0.12072185,0.520698855,73
-0.359334613,0.64391724,73
-1.415578373,-0.820893299,73
-0.793071636,1.498515227,73
-1.401446794,0.016452922,73
-0.78744913,0.775885491,73
-2.006940403,1.009256869,73
-1.496928338,-0.279392612,73
-1.316568115,2.11827855,73
-0.65501694,-0.454251823,73
-1.330764762,-1.214607503,73
-0.421971599,0.823070318,73
-1.18278228,0.508595989,73
-0.934515375,0.991177703,73
-0.156214678,0.514369885,73
-0.545080533,-0.615121763,73
-0.537673117,-0.001613139,73
-0.34580874,0.959697237,73
-0.802887296,-0.287263407,73
-0.699121266,0.801714507,73
0.356076952,-1.131023355,73
0.051417895,-0.647051997,73
-0.27913119,-2.549456206,73
-1.019548424,-0.34857125,73
-1.026079464,0.458089701,73
-0.371845788,1.157713269,73
-0.289666985,-1.113143419,73
-0.985024201,-0.391660147,73
0.768723887,-2.183239451,73
-1.119838099,-0.611767661,73
-0.816913598,0.416762135,73
-0.260141961,0.027683465,73
-1.186978511,-0.949870172,73
-0.14992033,0.963948165,73
-0.355586252,-0.921587635,73
-1.55732495,-1.001751453,73
-0.977514505,-1.011994217,73
-1.468870569,-1.293715997,73
-0.324576316,-1.353369504,73
-2.073607208,0.586852577,73
-1.074277679,-0.555551215,73
-0.926565106,-1.755969489,73
-0.267044549,-0.127939515,73
-0.086522859,-2.182993227,73
-1.202164908,1.220047285,73
0.216987406,-0.94367779,73
-0.319669064,0.416738978,73
-1.052451934,-0.514703932,73
-1.423719041,0.071663508,74
-0.279517953,1.785081372,74
-1.399840118,0.317775836,74
0.563261247,-0.363031367,74
-0.578887723,0.380061754,74
-0.332297572,0.45839566,74
-0.790313355,-0.951064646,74
-0.966513221,-1.100755654,74
-0.902457862,0.214757874,74
0.236321939,0.293234345,74
0.190338648,-0.257652577,74
-0.76518199,0.495643034,74
-0.574395731,0.328867271,74
0.208012762,0.663951978,74
0.728965872,-0.790022285,74
0.043098726,-3.067873671,74
0.076207676,-0.806108089,74
-0.328400572,0.519506532,74
-0.850662087,1.004758365,74
0.057755111,0.45145615,74
0.404500244,-1.863626265,74
0.184829093,-0.380437224,74
-0.508934972,-0.991911985,74
-0.811360907,1.912591476,74
-1.011180028,-0.363569504,74
0.066457862,-0.464012423,74
-1.162242972,1.613168299,74
-0.839898176,0.058879922,74
-0.961720555,0.133337695,74
-1.279682711,0.637352512,74
-1.122516014,0.829770921,74
-0.249196478,-0.923305467,74
-1.237014257,-0.750731969,74
0.216149954,-0.276230544,74
-0.490781711,-1.263499941,74
0.190457662,-2.922790935,74
-0.369525136,1.618731733,74
-0.847768032,0.173746511,74
0.052325392,1.126386672,74
0.082762463,-1.52492611,74
0.144615429,0.356768174,74
-0.637403145,-0.021809598,74
0.248612186,-0.457354864,74
-1.366212796,-0.320099573,74
-1.143024009,-0.626316549,74
-0.826965273,1.20362413,74
-0.014122635,-0.736823953,74
-0.676364028,1.083437395,74
0.127284021,-2.116025802,74
-1.080168424,-0.564341828,74
-1.15539538,-0.249798886,75
-1.614746516,0.045438672,75
-1.538535969,-1.433787884,75
-1.272164995,0.521308547,75
-1.166027571,0.307102731,75
-1.384208832,-0.239121874,75
-1.070172441,0.478905856,75
-1.318320118,0.184727088,75
-0.51994138,-0.254468216,75
-2.24162361,-0.447955169,75
-0.889395452,1.085337763,75
-1.149618607,0.401122756,75
-1.903978871,0.342206927,75
-0.936550319,0.943021196,75
-0.774281495,-2.341389244,75
-0.786202442,-0.688221188,75
-0.642766151,1.893029539,75
-0.476209661,0.649229131,75
-0.766876921,-0.541904261,75
-1.352578695,1.412072734,75
-1.11979173,0.756221812,75
-1.758324969,-0.74475973,75
-1.047651485,0.274794969,75
-1.339309033,-0.320861352,75
-0.074615299,0.161722621,75
0.405298491,-0.283692286,75
-0.79551529,-0.276725455,75
-1.68021535,-1.41648509,75
-1.08364048,-1.07740068,75
-0.402050982,0.72163871,75
-0.574946585,-0.28182301,75
-1.270735097,-0.153418257,75
-1.137282186,0.275120314,75
-0.597819879,0.281130992,75
-0.060457359,-1.344342052,75
-0.008324912,1.019285371,75
-0.543338228,-0.614038096,75
-0.806888706,-0.442885208,75
-1.277762163,0.567388374,75
-1.319266531,0.710106743,75
-0.467834692,-0.473133732,75
-0.211916933,-0.07281096,75
-2.148311415,0.879577707,75
-0.853334561,-1.151999036,75
-0.548313625,-1.349179864,75
-0.762720134,0.947096762,75
-0.555264826,0.275721141,75
0.681058506,3.140139559,75
-1.49703223,-0.403221751,75
-0.678817385,-1.41180945,75
-0.547276265,0.412250852,76
-0.390336838,-1.16929617,76
-0.720744898,0.530534182,76
-0.678205954,1.028425624,76
0.516927941,-0.080872607,76
-1.364694454,0.76371652,76
-1.15328393,1.010078904,76
0.262353379,-0.064586327,76
-0.049966198,-0.160504177,76
0.312021909,-0.950400004,76
-0.199160876,1.60128483,76
-0.815864057,-0.790359643,76
-0.443251602,-0.004346598,76
-0.60205645,1.020007378,76
0.281051961,0.649666194,76
0.133082344,0.068075322,76
-0.570602707,-0.087783364,76
-0.919135966,0.171295371,76
-0.822607075,1.92895295,76
-0.135558987,0.550859197,76
-0.007020363,0.045616619,76
-0.412832251,-0.516152924,76
-0.891750094,-0.754785295,76
-0.290378255,-0.383257168,76
0.081127006,-0.679796606,76
0.128715499,-0.371777456,76
-0.468730549,0.018877952,76
0.121757752,-3.023404388,76
-0.621657228,-1.480510705,76
-0.635112219,0.506190186,76
0.059885778,-0.47080551,76
-0.225033919,-1.488389305,76
-1.176695174,0.131312235,76
0.096654773,-1.416285891,76
-0.188588153,0.017126365,76
0.309608483,-0.207546345,76
-0.478790095,-0.981821255,76
-1.151379279,0.128900503,76
-0.483863809,-1.37439156,76
1.395436729,0.923303801,76
-0.190416682,-0.893928976,76
-0.206136897,0.064006466,76
-1.615730592,0.670201555,76
-0.125019298,-0.372421934,76
-0.983403632,0.578109645,76
-0.929289746,0.472227046,76
-1.320725816,1.307483248,76
-0.675552154,-2.229530323,76
1.019455155,-1.118969244,76
-0.630611105,0.22872447,76
-1.909363242,0.799962403,77
-1.168687561,-0.03751312,77
-0.703091328,-0.475855465,77
-2.033341372,0.955370393,77
-0.3080531,-1.386438329,77
-1.746593766,-0.379830875,77
-1.720452411,0.303360341,77
-2.298168625,0.92714098,77
-2.67497325,0.774035118,77
-2.921190503,1.287690155,77
-1.073360574,-1.657952149,77
-2.179985889,0.006022617,77
-1.784647649,0.480683941,77
-1.63011322,0.685104127,77
-1.887201507,0.108348338,77
-2.136138971,0.632874999,77
-1.494765788,-0.788515864,77
-1.620263489,0.539970199,77
-1.847428412,0.272549726,77
-1.231306184,-0.296142313,77
-1.167192517,-0.965590305,77
-0.891763491,-0.127730649,77
-1.457482034,0.290286586,77
-1.571421827,0.698921889,77
-2.361846468,0.883692273,77
-2.066281034,-0.53140953,77
-1.662074306,-0.058284774,77
-1.121556709,-0.864563336,77
-1.75999807,1.705043087,77
-1.194070017,-0.773570893,77
-1.681487613,0.391971891,77
-0.66254391,-1.05716383,77
-2.242543136,0.352529408,77
-1.260611556,-0.50165454,77
-2.330405635,0.841972771,77
-2.294018707,0.398660732,77
-2.225788515,1.96654801,77
-1.95069855,-0.190990384,77
-0.964908654,-0.729830069,77
-1.738904267,-0.156777132,77
-1.677115218,-1.138165931,77
-1.556705861,0.525935153,77
-1.171653669,0.090089812,77
-0.40175952,-1.492198457,77
-0.085433839,-1.64555405,77
-1.154243504,0.048026565,77
-1.86531947,0.373567566,77
-0.166838011,-1.66020845,77
-1.244273978,-0.132458609,77
-0.184194372,-1.414221404,77
-0.653530718,0.189058536,78
-1.560588579,0.350372766,78
-1.768335653,-1.592942709,78
-1.899595391,-0.388877395,78
-1.496983518,-0.994250129,78
-1.750312409,-0.174602723,78
-0.632636282,-0.48520374,78
-1.778253366,0.073266061,78
-0.438649858,-0.676799846,78
-0.401487254,-0.621851745,78
0.159325865,0.659689145,78
-0.834731745,-0.296629084,78
-0.802483363,-0.715991756,78
-0.903942124,0.545519843,78
-0.605328382,0.286549467,78
-1.186466,0.033063627,78
-0.783735879,-0.165341896,78
-0.895083697,0.026576838,78
-0.952856387,0.043760565,78
-1.109705126,-0.568016442,78
-1.359420189,-1.138062217,78
-0.623966764,1.140306232,78
-0.936790465,0.069536297,78
-1.547108067,-0.256474906,78
-0.999819963,1.04299992,78
-0.199421792,0.311753734,78
-0.754125214,0.142473457,78
-0.989283693,-0.507640373,78
-1.105526919,0.211691052,78
-0.343191292,-0.179600498,78
0.198149891,0.481986562,78
0.129774045,1.038517829,78
-0.698714951,0.155763407,78
-1.509503915,0.256285153,78
-0.937186282,-1.308363074,78
-2.762891963,-2.752636762,78
-0.591668075,-0.361640743,78
-1.171565047,-0.364632188,78
-0.925911471,-0.766755747,78
0.40150756,0.635961495,78
0.012257545,-1.52752531,78
-0.798249002,-0.173643005,78
-0.758267781,0.869887919,78
-1.156576678,-0.622948817,78
-0.816185013,-1.340855483,78
-0.566494366,1.056714954,78
-0.202872162,-0.099299629,78
-0.786788579,-0.753339364,78
-1.348386547,-0.935850926,78
-0.814560715,-0.446238659,78
-1.674676162,-0.233151015,79
-0.149614552,-0.004590221,79
-0.732269391,-0.40107544,79
-0.78828357,-0.720980564,79
-0.185696394,1.823975227,79
-1.186192226,1.464069216,79
-1.20513578,0.948457886,79
-0.037439147,-0.073345973,79
-0.446052225,-1.087964257,79
-1.452319069,0.282392198,79
-0.724973461,-0.433938686,79
-1.131104633,-0.840987718,79
-0.236022073,-0.754699329,79
-0.810708016,0.247552664,79
-1.192374241,-0.344016915,79
-0.275117829,0.275453055,79
-1.45166049,-0.695130908,79
-0.309855259,-0.596221854,79
-1.360030696,0.292338952,79
0.006313209,-0.728696195,79
-1.603187093,1.132204065,79
-1.039849435,-0.704762605,79
-0.099240253,-1.490981885,79
-1.915582291,0.694274707,79
-0.904475044,0.827283975,79
0.11440637,1.060402515,79
-0.784012688,0.737791347,79
0.149598168,-3.010165532,79
-0.802667646,0.378048257,79
-0.501872671,-0.580812758,79
-1.346779877,0.324847539,79
0.411269503,0.205956105,79
-0.027630371,1.530069529,79
-0.516025887,-0.475318664,79
-0.694644695,-0.742822111,79
-0.630409323,1.245090415,79
-0.608519296,0.640003435,79
-0.249436513,1.349853661,79
-0.840492836,1.090328569,79
-1.688596296,0.221688685,79
-0.752923181,-1.956291,79
-0.398584454,-0.027253882,79
-0.952853645,0.443315628,79
-0.900936883,1.473521926,79
-1.005141544,-0.398173333,79
-0.064541496,1.471764584,79
-0.062399004,-1.317758323,79
-0.388267132,-0.14339989,79
-0.358075094,-0.713648939,79
0.139779772,0.857374754,79
0.42680717,0.119442117,80
-0.416501719,-0.276508481,80
-1.275055632,-0.779764784,80
-0.244263491,1.156072128,80
0.683179161,0.966561961,80
-0.356730076,0.069170664,80
-0.404333676,-1.168838191,80
-0.021293489,0.092834691,80
0.134201654,1.396481371,80
-0.793886983,-0.40676735,80
0.763944383,1.837058666,80
0.203539935,-0.518318985,80
-0.237511845,0.120076297,80
-0.157039677,-1.553034256,80
0.259196685,1.597546275,80
-0.854866092,-0.07544959,80
-0.148544104,-0.34167557,80
0.083492291,0.188273091,80
0.352203251,-1.565837119,80
1.0226016,2.045180977,80
-1.014478138,-0.074570229,80
0.594963416,0.347942373,80
-1.022485717,0.414902376,80
-0.857442279,-0.086181561,80
0.262025584,1.097125087,80
-0.452976574,-0.762064428,80
-0.50519721,-1.395778568,80
-1.026992228,0.293194581,80
-0.204561347,0.178441286,80
0.235323071,-1.651457785,80
-0.303409343,0.968448737,80
-0.515742044,-1.4960434,80
-0.18420499,-0.247728245,80
-0.917263136,0.254819062,80
0.294354847,0.526048978,80
-1.214915993,-0.573923951,80
-0.784703705,0.886089536,80
-0.479580171,0.822863179,80
-0.071424815,-0.50781383,80
-0.409017023,0.490451499,80
0.520803511,1.13048083,80
0.490485498,1.687463402,80
-0.217585628,-0.61613196,80
-0.040808008,1.170348304,80
-0.057682605,-0.422764261,80
-0.394550367,0.305244641,80
0.124353128,0.796981262,80
-0.13690203,-1.604964283,80
0.009058093,-0.801675874,80
0.101510223,-0.204418185,80
0.494294903,1.127748956,81
-0.61977136,0.406991332,81
0.725213155,1.732854123,81
0.27933051,0.796202207,81
0.633244846,1.463475029,81
-0.419239233,-1.307203873,81
1.636879625,0.676144881,81
-0.489908235,-0.93277531,81
0.060481612,-1.082169616,81
0.484816749,0.979396843,81
-0.355189662,-0.168789361,81
0.995644247,0.76030612,81
-1.641748199,-2.970815563,81
0.627151844,-0.444518763,81
-0.357004626,0.257955748,81
0.630199967,-0.313791708,81
0.267563442,1.284299477,81
-0.187280413,-0.164608286,81
0.693507094,-0.061294785,81
-1.030013822,-1.747854396,81
0.205945687,-0.188594551,81
-1.336079837,-1.967858176,81
-0.09946132,0.413909613,81
-0.36714912,0.433277866,81
-0.38661575,0.079776641,81
-0.029392297,-1.16372816,81
0.601097915,0.104519943,81
-0.520171564,0.580715035,81
0.743795867,-0.519761069,81
0.582166105,1.081507369,81
0.016946276,-1.249040927,81
-0.117447127,-1.874997784,81
0.38539475,0.325396284,81
0.173756988,0.657477368,81
-0.511523127,-1.082390303,81
0.245800932,0.601297731,81
0.122693368,-1.514520789,81
0.232035977,-1.631114185,81
0.178615489,-1.077704919,81
-0.226520138,0.629885813,81
0.052225843,-0.505544974,81
-0.694170903,0.523042708,81
0.704181884,-0.660959775,81
-0.487837582,-0.534261164,81
0.018521418,-0.762658836,81
-0.79809061,-1.281187624,81
-0.050855045,0.199229604,81
0.641921765,1.441798652,81
0.684260855,0.439771256,81
0.265723344,-0.462858409,81
-0.215137303,1.09487756,82
-0.267941917,-0.415607508,82
-0.508395323,0.919826927,82
0.538673843,-0.385097606,82
0.660199807,-0.374051132,82
-0.609940592,0.149242097,82
0.744230219,0.150163069,82
0.475966984,0.841518852,82
0.826619044,0.296447552,82
-0.403112002,1.426323481,82
0.312075395,1.021825927,82
0.933526342,0.019034954,82
0.394715987,-0.242759542,82
0.883210626,0.200229866,82
0.514378914,0.048528827,82
-0.619523869,0.241747702,82
1.39688141,-1.906699769,82
-0.012781474,-0.400285886,82
-0.047665738,0.754036534,82
1.022687654,0.458051393,82
-0.030542598,0.350604569,82
-0.148307241,0.573119188,82
-0.10883391,-0.423198468,82
0.46835438,0.637654985,82
-0.13371481,-0.223913652,82
1.219129092,-0.364693984,82
0.563437989,1.987332725,82
0.720513806,-0.81617832,82
0.667519731,-0.173016994,82
0.623120123,-1.454878179,82
0.846705705,0.399994865,82
0.534613843,0.43125926,82
0.42148137,1.003772017,82
-0.014274571,0.18349258,82
0.575869896,0.22745393,82
0.414836232,-1.527108705,82
0.221745509,0.074824739,82
-0.812614622,1.97019824,82
1.30374923,0.722969602,82
0.448714911,1.171433585,82
0.608664662,0.190514453,82
1.121518657,-1.733977177,82
-0.119569556,0.298375517,82
0.903403963,0.152959562,82
0.697884033,0.11289502,82
1.062731258,0.885408987,82
0.706145383,0.044167294,82
1.645285318,-0.779784245,82
0.76680289,1.008912708,82
2.101282971,-2.589919053,82
0.19736838,1.108604867,83
-1.686682305,-0.871582945,83
-0.159699442,0.93069608,83
-0.726466324,-1.605844674,83
0.009528701,0.292887975,83
-0.472201424,-0.586708598,83
-0.381032793,-0.320874919,83
0.53393726,0.496753764,83
0.221868767,0.334362163,83
-0.054565793,0.248540234,83
-1.008574254,-0.74953947,83
-0.043545352,-0.175147353,83
-0.954387287,-0.008244,83
-0.104850292,-1.054337814,83
0.029637565,-1.040352713,83
-0.913500527,-1.272179506,83
-0.546023379,0.788901242,83
-0.901771419,-1.43742585,83
-0.582085288,-0.888774408,83
-0.809874746,0.457384333,83
-0.17453071,-1.024790999,83
-1.231022702,-1.708408364,83
-0.129514499,0.189361286,83
0.988509815,1.715888033,83
1.072235662,0.853720279,83
-0.43419533,-0.039235806,83
-0.706077594,-0.983883646,83
0.487698288,0.687294954,83
-0.559846045,-2.293218891,83
-0.070188751,0.140443839,83
-0.768833024,-0.875920604,83
-0.726037487,-0.334173438,83
0.333903541,0.704328322,83
-0.37667374,0.323386248,83
0.054531784,0.970254708,83
-0.08909766,1.194490028,83
0.093542621,0.037539384,83
-0.008868813,0.824201976,83
-0.298094624,0.658333782,83
0.375091748,-0.566451217,83
0.189401116,0.245431494,83
-1.075778396,0.27200628,83
-1.001481307,0.159724136,83
0.843933807,0.210583411,83
-0.60315989,-0.374400961,83
0.071551784,0.538053115,83
-1.198293248,-1.844199666,83
0.509815763,1.547496206,83
0.480908242,1.092118794,83
-1.194342136,0.464561859,83
1.002174829,1.260283127,84
0.111010692,1.027521255,84
0.009226785,1.600481338,84
0.432503574,0.404701634,84
0.677704952,-1.996286955,84
0.150279816,-0.796930686,84
-0.045450285,-0.559510262,84
-0.089742054,-1.384993728,84
-0.583308216,-2.043250224,84
0.001503694,1.299488814,84
0.207085839,-0.686710254,84
-0.698724721,0.695843952,84
0.527888051,1.002559783,84
-0.43255985,1.472105827,84
0.200864906,1.207162415,84
-0.250423844,-0.802539045,84
0.894119361,2.178294813,84
-0.109824217,-1.759362215,84
0.777458255,-0.429906167,84
0.091482932,2.188114447,84
0.772250179,0.153286237,84
0.135429747,0.501782688,84
0.068545698,0.841314582,84
-0.121418996,0.329377528,84
0.05886991,-0.099062137,84
-0.888904642,1.456419826,84
-0.397952321,-0.924599856,84
0.101428995,0.110103342,84
0.143577729,0.84355083,84
-0.086307957,0.306626609,84
-0.559359584,2.842596181,84
-0.223347593,-1.648041847,84
0.504146869,0.904295305,84
0.956037231,0.267789145,84
0.900067498,-1.845499574,84
-0.023663099,2.436545892,84
-0.296200573,-0.594920843,84
-0.043694626,1.490393599,84
-0.829060696,1.258752124,84
0.551562369,-1.054759673,84
0.829034244,-1.208161776,84
0.84749959,0.225408521,84
0.436158294,-1.158664689,84
-0.020813891,0.276648067,84
0.702433196,1.596340923,84
0.447302889,-2.249695667,84
0.222871132,0.687429865,84
1.493409187,-0.764195054,84
0.537717519,-1.560224366,84
0.812560575,-1.379206868,84
-0.386162697,-0.396227306,85
0.232640763,0.476343263,85
1.307967023,-0.319970944,85
0.178720413,-0.105392099,85
1.63682969,0.955482045,85
0.974364368,0.385612969,85
0.494418958,0.930810846,85
-0.326206686,-0.403868482,85
0.199421005,-0.811186889,85
0.886656635,0.896062358,85
-0.231693256,-0.39876082,85
-0.379820081,0.099606654,85
-0.014398178,0.796430802,85
-0.21538658,-0.891855672,85
0.701253724,-2.392526761,85
-0.607076586,2.236746153,85
1.018826251,-0.327854586,85
0.636923618,-1.069928023,85
1.40025943,-0.981268905,85
-0.654275106,1.634929509,85
-0.202319673,0.55220006,85
0.179611521,-2.787623507,85
-0.064739324,0.704992078,85
0.983207607,2.483673572,85
1.020998269,-2.09634421,85
0.29057366,1.807759829,85
0.441316251,1.048522559,85
0.596667673,-0.053082986,85
0.674453082,-0.013546645,85
0.950201747,1.080413977,85
-0.050094388,1.080220757,85
1.11038756,-1.06518427,85
0.373654085,-0.660361712,85
0.695783821,0.958972608,85
-0.314022338,-0.087562842,85
-0.512734813,0.857189851,85
1.037529518,-0.830251545,85
0.447946881,-1.136497011,85
0.365254805,-1.442969163,85
0.749368412,0.687393238,85
0.869347425,-0.062780696,85
0.250328688,-0.1916462,85
1.587012436,0.0147351,85
1.145450448,0.699750281,85
0.350026074,-0.374629494,85
-0.07455186,0.348502621,85
0.572401173,-0.688996879,85
-0.24414015,0.741057843,85
0.517370407,2.121111392,85
0.433613309,-1.524050079,85
0.200819619,1.726729884,86
1.093522452,0.631883143,86
-0.935280864,1.970492972,86
1.20679228,0.481159008,86
0.08793824,0.549519907,86
-0.171946865,-0.315056853,86
0.005420162,2.589557223,86
0.754711556,-0.364843023,86
0.708257933,-0.548737321,86
0.69473025,0.721595358,86
0.516625693,-0.027561214,86
0.624733479,-0.154812329,86
1.517406388,0.823268157,86
1.14220463,-1.609786886,86
1.333922981,-2.00791319,86
0.460654666,0.543768389,86
0.62103173,1.932382554,86
0.467349179,2.591204327,86
0.419020229,0.285188111,86
0.169660511,1.294611329,86
1.149007829,0.844351615,86
0.815462059,-1.17288204,86
1.195100254,0.177552709,86
1.34661034,0.85419355,86
-0.073240547,0.157377027,86
1.82587633,-1.281382563,86
0.532025301,0.351335794,86
-0.009606408,-0.5874652,86
1.522966254,0.538694139,86
0.753249358,0.674871983,86
0.866414633,-0.743994923,86
0.998825866,-0.600930603,86
0.0780154,1.014930222,86
-0.194148493,1.092421061,86
0.465783561,1.035165714,86
1.141036696,0.363938736,86
0.517506423,0.771920975,86
0.049088312,0.896931098,86
1.615011128,-0.498617878,86
0.301934146,2.913743925,86
-0.095275827,1.119715055,86
1.052225316,0.066870717,86
0.565598196,-1.593658182,86
1.342522634,0.415689866,86
0.941071755,0.428925873,86
0.965520668,1.573084338,86
0.659996927,-0.210842066,86
0.194657567,-1.461371375,86
0.345161161,-0.608392229,86
0.272555354,2.05142101,86
-0.188807705,-0.91322228,87
0.207316618,-0.389012522,87
-0.030707824,-0.29159604,87
1.330699742,-0.297118568,87
0.042307031,-1.868887597,87
-0.555668152,-0.532049912,87
-0.251887386,1.508425939,87
1.180064785,-0.360312154,87
0.593713512,-0.073064954,87
0.377630067,-1.700033311,87
0.657986688,-0.44319621,87
-0.259504261,0.170587227,87
0.67719186,0.136098377,87
0.924643252,0.423259861,87
0.394856322,-0.353997638,87
0.656839468,0.343722843,87
0.428628278,-0.79471099,87
-0.579034649,-0.663895085,87
0.364540292,-1.617696074,87
1.40902036,-2.117210752,87
0.329748444,1.633531885,87
0.897765932,-0.362514994,87
0.320181778,0.460602848,87
-0.029222148,0.344739257,87
-0.16891656,-0.301990874,87
1.09456078,-3.331020159,87
0.099691599,0.49262572,87
0.298065216,0.476245268,87
-0.456626893,0.312283842,87
0.289760277,0.692121169,87
-0.495160428,-0.20280199,87
-0.128574339,-1.17999085,87
0.285127627,1.253661522,87
-0.345371634,-1.366814208,87
0.306822117,0.739623818,87
1.381092,0.858940404,87
-0.416182093,-0.272028618,87
0.847880992,-0.017708186,87
0.275108424,0.269376173,87
0.237296102,-1.350408876,87
0.674427608,1.719657319,87
0.145361964,-0.057734886,87
0.214289546,0.16954077,87
-0.258471315,0.598396098,87
0.106537239,-0.192293312,87
-0.312624035,-0.291086449,87
0.616995236,-0.191793465,87
0.43160281,0.328991969,87
0.874334539,1.944580095,87
-0.396850711,0.057414449,87
-0.74632495,-0.924455574,88
0.222566224,-0.590334399,88
-0.419640712,1.258650593,88
-0.233876109,0.324589284,88
-0.259816131,0.047335678,88
-0.585078009,0.31510078,88
0.651846604,0.12598081,88
-0.278497448,0.549574312,88
-0.099839192,0.228174441,88
0.351570526,0.256021772,88
-0.184473484,-0.317915809,88
-0.809580311,-0.481600523,88
0.806574365,-0.873219014,88
0.192682397,0.019909704,88
0.052039598,-1.94225409,88
0.224425274,-0.550040805,88
-0.041514405,1.160536194,88
-0.386179811,-0.381544796,88
-1.522667052,0.783879569,88
0.073593078,-0.344434937,88
-0.285447131,0.458427665,88
-1.105035917,-0.196923487,88
0.462525219,-1.048179604,88
0.282374471,-0.03973324,88
-0.068407862,-0.095934507,88
-0.416809824,-1.405853549,88
-0.047054057,1.185625086,88
0.486994304,-1.048730539,88
-0.159530203,1.706992243,88
-0.774360078,1.82801068,88
-0.947436096,2.183668826,88
0.002658057,1.510755099,88
0.003230077,-0.483698572,88
-0.900846238,0.79384942,88
0.177616004,-2.446203846,88
0.007402987,0.028845499,88
0.301985762,0.041068144,88
-0.22384699,-0.475334771,88
-0.326789286,-0.915853672,88
-0.803639824,-0.688858437,88
-0.904178437,1.941842986,88
-0.140360442,-1.092086709,88
-0.280079515,-0.447302658,88
-0.16610482,0.837920232,88
0.592115044,-1.101146396,88
0.556459167,1.369381212,88
0.7182848,-0.03459283,88
-0.215427436,0.933177286,88
-0.384817828,-0.760181629,88
-0.247664571,0.645381563,88
0.558880165,-0.749793373,89
-0.245714121,0.074582955,89
-0.034132813,-0.083282158,89
0.676564686,0.490548838,89
0.366551579,0.19335581,89
-0.234045416,1.220137476,89
-0.009530815,0.026792334,89
-0.119237151,-0.891820309,89
0.473767326,-1.020508827,89
0.62351212,0.135657823,89
0.540153209,0.893003952,89
-0.272633386,1.508128001,89
-0.101441017,0.080654672,89
-0.153322317,-1.18052233,89
0.097216661,0.534369345,89
0.177774142,-1.160546057,89
-0.25044275,-1.762569559,89
-0.102315599,-0.774784788,89
-0.35927498,0.43329552,89
0.313500108,0.15969902,89
1.009940398,0.022336041,89
-0.205231993,-1.155844577,89
-0.168654253,-0.339315721,89
-0.223498238,2.470190612,89
-0.281650098,-1.042052119,89
0.15687054,-0.303832339,89
0.445913687,-0.24715572,89
-0.207212719,0.70880017,89
0.68742647,0.655565635,89
0.625290848,0.23478338,89
-0.059231485,0.341803675,89
-0.004419505,-0.225491009,89
0.213141109,-0.637970143,89
0.176736494,1.386651034,89
-0.500384483,-0.440773149,89
-0.700417224,-0.620709716,89
0.022730189,0.615841068,89
-0.208313843,-1.641493973,89
-0.278783269,0.641551268,89
0.443139115,1.218454568,89
-0.154493446,-0.025283724,89
-0.286052933,-2.248169195,89
0.171651047,0.248983388,89
-0.070327567,-0.093325468,89
0.717943289,2.478372635,89
0.336005287,0.907870918,89
-0.426979528,-1.454785924,89
-0.070038585,0.770413061,89
-0.441242239,-1.312001988,89
0.591501822,-1.219816261,89
-0.450613425,0.745850048,90
0.363769142,0.125374452,90
0.207191048,0.020653204,90
0.628600592,0.704264723,90
-0.259857402,-1.017198002,90
0.751604857,-1.10393895,90
1.135437316,-1.416744465,90
0.400936336,1.162442935,90
-0.715012748,-0.215225832,90
-0.096296991,-0.298206874,90
0.654008091,1.306702738,90
-0.118904397,0.145854296,90
0.672949759,1.7041016,90
-0.492289278,0.455304339,90
-0.034143364,-0.947307954,90
-0.071446813,-0.77127187,90
0.179970282,-1.386905211,90
0.744101682,-1.150979962,90
0.889061084,1.843732788,90
0.117689158,-0.022997747,90
0.218403443,-1.297643662,90
0.586763398,0.065949926,90
2.194186809,0.314875274,90
1.444512456,-1.015862519,90
0.790448819,0.115678739,90
-0.415192097,-1.062530055,90
-0.255960391,-0.46272956,90
0.999533759,3.307597095,90
0.370431971,0.157429497,90
-0.384557985,0.76661088,90
-0.106124485,-0.200441012,90
-0.042079267,-2.135543534,90
-0.322547483,0.500820223,90
-0.252576511,-2.926860356,90
0.647150894,-0.731274236,90
1.050210738,-0.166681278,90
0.635147158,-1.459391919,90
0.854388362,1.472783782,90
1.116380867,1.380984551,90
-0.234521844,-1.312369397,90
0.526798163,0.83823171,90
0.377834778,0.746704362,90
0.61574563,0.333953696,90
0.979561225,1.000926701,90
0.648585344,-1.297856567,90
0.463531412,0.41242972,90
1.392103612,-0.609003757,90
0.62527507,0.55937788,90
1.563402763,0.53285199,90
0.457979872,1.0307365,90
-2.297557576,0.449425093,91
-1.952271499,-1.004032331,91
-3.302504259,0.425400433,91
-2.175624507,-0.593335152,91
-2.537921078,1.070893152,91
-3.765254969,2.281828514,91
-1.914740442,0.155924968,91
-1.073471335,-2.093083702,91
-1.113799686,-0.911088553,91
-2.000572034,1.866669913,91
-1.805180528,-0.094466689,91
-2.388644062,0.542840707,91
-2.277870091,2.480007373,91
-1.843439762,-0.182271816,91
-0.615962678,-1.346073022,91
-1.8755956,-0.970056766,91
-2.959049123,1.985889233,91
-2.579381711,1.01526138,91
-1.515145841,-0.346567371,91
-1.516561533,0.376529497,91
-2.570675816,0.621414271,91
-2.76140098,1.494713371,91
-2.196769791,0.054992738,91
-1.742953173,0.413206618,91
-1.276962485,-1.645911646,91
-2.094127967,-0.250412287,91
-1.58089174,-1.024696693,91
-2.746380021,0.813047473,91
-1.861289641,0.597931639,91
-1.893249004,1.06164584,91
-3.525650814,2.067295823,91
-2.696417975,0.98771133,91
-1.582062858,-0.271502116,91
-3.356370877,1.889877701,91
-2.067103001,-0.290933808,91
-2.719762198,0.685322389,91
-2.242664219,-1.156644877,91
-2.519334728,0.434421002,91
-1.755290212,-0.259930302,91
-2.020975401,-0.076023214,91
-2.146529931,-0.244466656,91
-1.762241188,-0.20789563,91
-2.186865007,-0.448272087,91
-1.866699554,-0.053360519,91
-1.115610559,-0.769227112,91
-1.054726294,-0.996397798,91
-1.49293321,0.2513456,91
-3.402427494,0.663627034,91
-1.589645393,0.155918412,91
-1.895248829,-0.788489888,91
0.917309053,0.978719275,92
0.073815668,-0.061862932,92
-0.440718727,-0.61011392,92
1.647107492,1.904193121,92
-0.710494496,0.109852643,92
-1.005232497,-1.032792148,92
-0.344097169,-0.75370969,92
-1.674010996,-1.102837872,92
-1.401257756,-0.379151664,92
-0.307939564,0.218663087,92
1.421612108,1.466350189,92
-1.594133563,-0.151830098,92
-1.21898955,-0.702428753,92
-1.744153893,-0.460572489,92
-0.571304366,-0.016297285,92
0.588839099,0.676852836,92
-0.501346189,0.197950804,92
-0.143162689,0.384726074,92
-2.683339644,-2.054993688,92
-0.120948659,0.087848897,92
0.69015772,1.027086076,92
0.21772156,0.558176961,92
1.886197972,1.918187865,92
-0.387346441,-0.686657157,92
-1.567033416,-1.441618127,92
-2.097270413,-0.58346805,92
-1.778542652,-0.459182301,92
-1.493281805,-1.280427499,92
1.011238942,1.001590383,92
0.20879572,0.246652711,92
-0.051876759,0.751295454,92
0.072299497,0.336078896,92
-1.287957544,-0.669014357,92
-0.405618054,-0.478533026,92
0.222515048,0.768322558,92
0.140580536,0.916847238,92
-0.589000472,0.14663101,92
-1.678533513,-0.771426461,92
1.678071413,1.930636829,92
-1.281624886,-1.308960497,92
-1.086281953,-0.525418692,92
-0.986554437,0.213555043,92
-1.760343065,-1.452246638,92
-0.20238454,0.378966921,92
-1.763115412,-1.334405469,92
-1.399366169,-0.587545301,92
-0.635956439,1.163470597,92
0.775674632,1.893068173,92
0.146607659,0.743707633,92
0.421604669,0.21239957,92
-1.398396178,1.545136496,93
-0.79080695,-0.219554745,93
-0.020899479,0.507856319,93
-1.202998703,-0.201603568,93
-1.097551978,1.001097532,93
-0.115085288,0.980637325,93
-0.788246804,0.745229695,93
-1.244477129,1.036984103,93
-0.77760452,1.163252584,93
-0.297410963,-0.375396994,93
0.299817706,-1.200519713,93
-0.536970273,0.768179901,93
-0.079902505,-0.374623104,93
-0.080216186,-1.384399355,93
0.422503579,-1.331683039,93
-0.418504946,0.114390105,93
-0.476711382,-0.578027469,93
-0.213523099,-0.846327938,93
-0.123805993,-0.54694375,93
0.870789083,-0.842070119,93
0.205507291,-0.583730702,93
0.159889471,-0.017674854,93
-0.98855559,2.149208209,93
-0.496336443,-0.269707733,93
-0.340567497,1.019450839,93
-0.314799953,0.486135428,93
-0.474739131,0.851191745,93
-0.2290456,0.244872897,93
0.552343756,-1.179440002,93
-1.023637961,1.886302091,93
-0.800342224,-0.467035892,93
0.025442081,1.474895687,93
-0.879345493,0.542950081,93
0.026376757,-0.974136414,93
-1.274235229,1.446715576,93
-0.184033964,-0.425250705,93
0.551929276,-0.166494172,93
-1.047396745,0.467850494,93
-0.228151087,0.298322688,93
-0.279892933,-0.897118813,93
-1.081873902,-0.312521294,93
-0.99346401,-0.883953505,93
-0.951045678,0.225993499,93
-0.382203962,-0.497380137,93
-0.715721506,-0.455649563,93
-2.076480017,-0.320670919,93
0.12914387,0.045472947,93
-0.527749352,1.351609617,93
-0.244343408,-0.685352341,93
-0.499712747,-0.260170839,93
-2.336391488,1.543065413,94
1.103074669,-0.816916222,94
-0.7634803,0.866147096,94
0.728370268,-0.22608154,94
1.090601372,-1.401570877,94
-2.659974468,1.89933365,94
0.81989743,-2.240369009,94
-1.757656412,0.886967646,94
0.076085729,-1.189019721,94
-0.722285731,1.18281724,94
0.246891888,0.722310619,94
-0.648920256,0.526219709,94
-0.532513796,0.14647339,94
0.172569912,-0.326206449,94
-0.232500615,-0.402651823,94
-0.287137111,-0.249070997,94
-1.475791268,0.284898593,94
-0.806780703,0.389931504,94
-1.085231224,-0.289742558,94
0.16571632,-0.503233978,94
-0.977022524,0.877682517,94
-2.978908028,1.679717934,94
-0.66583805,0.398806767,94
0.273370836,0.10873663,94
0.364549223,-0.709373869,94
-1.955705397,1.905389328,94
-1.418933143,0.572688635,94
-0.559708236,-0.290709923,94
0.038701597,-0.132220687,94
1.836610115,-1.710580801,94
-0.697119137,-0.859421379,94
2.190902016,-2.341318087,94
-0.391712823,-0.537465732,94
0.925129154,-2.21056242,94
0.46489582,-0.579894682,94
1.414095594,-1.275418063,94
-0.828040095,0.580643705,94
1.132562262,-2.189924155,94
-1.542737739,1.189510487,94
0.214297657,-0.904133708,94
-0.787403525,0.831840731,94
-0.369469245,-0.216820726,94
-1.426446663,0.636494071,94
-1.43046541,0.67794628,94
0.013876362,-0.538541742,94
-2.21532941,1.781595649,94
-1.584957085,1.259110973,94
-0.7772792,0.646755937,94
0.544567436,-0.697658765,94
-1.148270733,0.499970515,94
-0.755714575,1.29836888,95
0.473840901,-1.345300893,95
-1.062671824,0.943896113,95
0.856673246,-1.600689094,95
-0.751741548,-0.178093357,95
0.160526616,-0.669182268,95
0.151952206,-0.438567025,95
0.586310962,-0.731928941,95
0.156189588,0.868883284,95
-0.28246972,1.065859211,95
1.228679094,-1.064043048,95
0.30526124,0.899221282,95
0.514597989,-0.964399409,95
-0.9493213,0.01942436,95
-0.873860458,0.909058251,95
0.139769514,-0.92205734,95
0.027629221,-0.907956316,95
-0.132443428,-0.058659209,95
0.068503502,1.217745181,95
0.079635199,-1.063703622,95
-0.663440939,-0.229166193,95
-0.48503548,-0.5700494,95
0.540004986,-1.303583989,95
0.834740331,-0.631305774,95
0.127469002,-0.121779649,95
-1.026538848,-0.48324335,95
1.010485013,-0.587301102,95
-1.715858291,0.842082501,95
0.076362448,-0.206992907,95
-1.282930012,-0.670031055,95
-0.254441425,-0.030417633,95
0.846534559,-1.146133694,95
0.31601972,-1.390165612,95
-0.827275311,0.794708829,95
0.577539413,0.684294287,95
-0.457361272,-0.651369047,95
1.294576838,-0.121458423,95
-0.713742232,1.302473191,95
0.04192939,-0.968876647,95
-1.937804483,0.979349485,95
0.1720533,-1.349726496,95
-0.833308987,0.692978048,95
-0.442945304,-1.835644557,95
-0.399362507,0.597465817,95
0.496858396,-1.900856647,95
0.003958397,0.656308459,95
-0.878117121,-0.466686197,95
-0.115051383,1.026494636,95
-0.164858823,1.238861931,95
0.554824474,-0.791256707,95
-1.320876891,-0.385370369,96
-1.439106125,-0.157616557,96
-0.485161529,-1.288281481,96
-0.606187218,0.766968316,96
0.06725497,-0.484273142,96
0.154176547,-1.11240291,96
-0.520505359,-0.53931736,96
-0.8839207,0.883210433,96
-0.43151779,-1.107433979,96
-0.373371508,-0.09266952,96
-1.273170274,-0.43623438,96
-1.124791106,-0.073855487,96
0.123552967,-0.162258219,96
-0.392303858,1.755737077,96
0.956656253,2.358833875,96
0.428235176,1.897956651,96
-0.507742047,0.334630657,96
0.423975653,-0.102021967,96
0.835720275,1.277809511,96
-0.731468832,-0.173184507,96
-0.732578833,-0.098474057,96
-0.531115253,0.619679896,96
0.106049122,0.919643685,96
-0.730412069,-0.486949923,96
-0.04329379,1.051974764,96
-1.041158313,-0.110381281,96
-0.370177642,1.765389171,96
-0.866055978,-0.340146952,96
-0.395168586,0.718301226,96
-1.151472658,-0.02833443,96
-1.581852719,-0.077635493,96
-0.878274387,-0.042007544,96
-2.282301783,-1.73507954,96
0.148383502,-0.720234903,96
-0.855536534,1.38661954,96
-1.0769371,-0.075214173,96
0.219597378,0.465876399,96
-1.029430415,0.278219476,96
-0.21498768,1.434823972,96
-0.363618884,0.118367939,96
-1.244096193,-0.770298133,96
-0.99197944,-0.387518289,96
-0.907623253,0.832403286,96
0.061645239,0.550882932,96
-0.774174418,-1.551520973,96
-1.192393475,-1.276051144,96
-1.211128628,-1.460411492,96
0.047850648,0.472857371,96
-0.019916295,0.806774006,96
0.796405513,1.296413974,96
0.107592603,0.289292265,97
0.474645073,0.135634799,97
-0.633362113,-1.199855005,97
1.238276988,1.673582978,97
0.752208316,-0.418450988,97
1.11162929,0.570997898,97
-0.001995572,0.660235367,97
-0.193150959,-1.428175326,97
0.913410817,-0.127985693,97
0.745590476,0.591400377,97
0.24910115,1.283619249,97
0.644862544,-0.312633239,97
0.162145259,-0.897525985,97
0.623439771,-0.001245879,97
-0.035796326,-0.862772961,97
0.727833385,0.283280625,97
0.425649873,0.840601638,97
-0.261400301,-1.29823134,97
0.420736024,-0.120779399,97
-0.368963229,-1.005319468,97
-0.875612657,-1.398983518,97
-0.985721134,-0.61638018,97
0.01594202,-1.548971387,97
0.289369704,-0.211109868,97
0.061780822,-1.050961137,97
0.132548392,-0.055840703,97
1.303775529,1.134540602,97
1.269039084,1.277770463,97
0.637075362,0.504269753,97
-0.132895979,-0.979238275,97
-0.357992815,-0.940806992,97
1.037850682,0.338565862,97
-0.1435594,0.010651052,97
-0.570023602,-1.512632389,97
0.627108706,1.576502491,97
1.375672023,1.160736986,97
0.093973538,0.027503704,97
0.761104702,0.166637237,97
-0.275778946,-1.267026694,97
0.242262774,-0.573299498,97
0.908320351,0.843367614,97
-1.177127889,-2.542622174,97
-0.133236124,-0.816588387,97
0.6543043,0.382172678,97
1.297023497,-0.010572248,97
-1.477303981,-0.440604301,97
-0.400095643,-0.132641911,97
-0.114446525,-0.578182089,97
0.926612337,0.734819722,97
1.331134719,1.245731174,97
2.411571017,0.427422976,98
0.407139589,-0.676016043,98
0.930165522,-0.727603378,98
2.13409939,-0.107591326,98
1.699183248,-0.289299782,98
1.481533344,1.421426497,98
2.011296517,1.493766581,98
1.806285393,0.66041611,98
-0.071235165,-0.905048543,98
1.512526391,0.544093417,98
1.190798222,0.257160594,98
1.200408001,0.741192182,98
0.787854357,-0.683271861,98
2.196322861,0.545641122,98
1.651091228,1.350853654,98
1.66518582,0.975131511,98
1.791705866,-0.079169683,98
0.767286255,-0.401645411,98
2.633221064,0.951179727,98
2.586015576,0.769945564,98
2.24079451,0.79538849,98
0.558015894,-1.474328654,98
0.97825142,0.575063425,98
0.186695865,-1.778683242,98
0.773700663,0.018580605,98
2.202265161,0.919168414,98
1.817444913,0.247715904,98
0.776456267,-0.199895383,98
1.43407178,-0.472242763,98
1.681446052,-0.219221488,98
0.010325488,-2.396667516,98
1.888563712,-0.182667051,98
0.759900774,-0.269471652,98
0.531484061,-0.390925179,98
1.524168628,0.377342026,98
0.576662673,0.281574906,98
0.697614728,-0.494572947,98
1.848576165,0.21916004,98
2.68968729,2.155943308,98
0.597242076,-1.236462466,98
0.609007849,-0.206944917,98
1.003142692,0.200995586,98
1.532196271,0.468287704,98
1.738009769,-1.11348217,98
0.925416722,0.324522574,98
0.923826525,0.413777881,98
1.435898052,-0.927678244,98
2.04262189,0.302940233,98
1.58669022,-1.030135379,98
2.619251171,0.520179772,98
0.426594731,-0.198154903,99
-0.115892631,-1.183724594,99
0.067762939,-0.514514361,99
-2.008419175,0.91653394,99
-1.063548534,0.452724118,99
0.201170498,-1.289582602,99
-1.705445811,0.833394027,99
-0.56300141,0.058048873,99
1.839431706,-1.705636134,99
-1.833725602,0.909698271,99
-0.527519447,-0.046400052,99
0.558522594,0.041230556,99
-0.543122574,0.200588883,99
-2.00556499,1.384351395,99
-0.633476588,0.693744822,99
-1.79420738,2.277841453,99
-2.081532148,1.864284204,99
-0.443713952,0.767887725,99
-0.844138635,0.571505808,99
-1.084506031,0.985083888,99
0.196339558,-0.624871099,99
-1.745585519,0.941308005,99
-0.276454049,-1.039920044,99
-1.175733988,0.446822196,99
-1.962742962,1.182473084,99
-1.586685606,0.25871966,99
0.230559998,-0.643252121,99
-2.116863468,0.432098661,99
0.67475246,-1.148895168,99
0.084043323,-1.351421732,99
-3.484941506,3.326756931,99
-0.256650045,0.150967877,99
-2.003005433,1.151024404,99
-0.012433849,-0.469867547,99
0.141859833,-0.630233778,99
-0.538510452,-0.302210985,99
-2.095428434,0.895554574,99
-0.295788508,0.647108574,99
-1.081598679,-0.123697753,99
-0.530415163,0.315636664,99
-0.468741164,0.119772177,99
-0.242677526,-0.579838346,99
-0.570680646,-0.313137906,99
-1.119987083,0.160491954,99
-0.209686756,0.41602519,99
-0.368380591,-0.79745521,99
-1.363336455,-0.35668642,99
-1.680275494,0.338334454,99
-0.969549877,0.382339189,99
-0.54995734,-0.042687044,99
-0.40032322,1.211794238,100
0.003135847,0.14427265,100
0.363389438,0.401917081,100
1.054734215,-0.738920684,100
1.055232872,1.781036267,100
0.099607694,-0.459681834,100
1.201812891,0.310986624,100
1.083089313,0.584526443,100
0.924923952,-0.209533072,100
0.776656446,1.59222643,100
0.363588892,0.733818221,100
2.040885024,0.927163748,100
1.514543435,-0.407196035,100
2.121319886,-1.043510221,100
1.468012451,0.22591903,100
1.529151698,-1.518208263,100
0.099940556,-0.600528463,100
-0.585048143,2.012295659,100
0.272320846,-1.265592677,100
1.076357789,0.336878511,100
0.770453701,0.459025214,100
1.207129274,1.484743509,100
0.802714139,-0.9536451,100
1.641177951,1.831018822,100
-0.45955109,0.543101033,100
0.959014556,-0.647152869,100
0.742626495,0.460651792,100
0.920490929,-0.746844411,100
0.078113811,0.029881529,100
0.832903351,-0.3350491,100
-0.508759029,-0.034733503,100
0.537886555,1.955914517,100
0.593268383,-0.073831034,100
1.29356889,0.1496811,100
0.511195681,-1.106861258,100
1.936228889,0.943939128,100
0.73185147,0.539834498,100
0.570114631,0.473109709,100
0.688157896,-0.6764885,100
1.086681018,0.69492167,100
1.278073062,0.953211301,100
1.922629253,-0.086814136,100
0.269401356,0.565199802,100
0.538251211,0.693826402,100
-0.10654797,-0.481117851,100
0.732046512,0.553117148,100
0.540093927,0.330703552,100
1.279882421,-0.599468157,100
1.007074074,0.015461125,100
0.446713786,0.095510526,100
0.651706275,-1.778163965,101
0.955240302,-0.417846018,101
1.58992693,-2.548719898,101
0.200665299,-0.106281625,101
0.54689779,0.480460192,101
0.850504547,0.554607736,101
0.660419885,-1.833872398,101
1.059504935,-0.591665263,101
-0.948286741,1.849771564,101
0.629227204,-0.891279071,101
1.379698675,-0.742828765,101
1.552245013,-0.882047058,101
-0.055945054,-0.287936292,101
-0.126778761,0.764190568,101
0.610352715,-1.26866735,101
1.310472573,-2.274313376,101
0.930624474,-0.537382952,101
1.041457536,-1.102296358,101
0.429573081,-0.051346637,101
0.125440784,1.606686869,101
0.623120646,-0.417676121,101
-0.7981061,1.426484898,101
1.097958308,-0.64417096,101
0.670934452,0.283504675,101
0.178866264,-0.477754948,101
0.301562618,-1.192089458,101
-0.189434557,0.539197954,101
0.321522875,0.303608763,101
0.289805831,-1.750989091,101
0.579549823,-1.21583594,101
0.291714665,0.780644889,101
-1.037844312,1.671180081,101
0.510930637,-0.332475091,101
-0.213309792,-0.308961908,101
-0.694798239,1.840437855,101
-1.242044073,0.141842579,101
0.562450188,0.871563256,101
0.450492426,0.376804813,101
0.125088749,0.034217345,101
-1.184554762,0.40707499,101
0.12083133,0.794236298,101
-0.178845627,0.284858892,101
1.084402877,-0.502870024,101
0.054373478,0.429516824,101
0.622496284,0.690610928,101
0.762559495,0.101571232,101
-0.384213446,0.430212209,101
0.739025752,-0.939582531,101
0.154875416,-0.88203432,101
-0.094039167,0.248260129,101
0.337149721,-0.003206822,102
-0.461392139,0.388821412,102
0.478378601,2.078848775,102
-0.196435642,0.011307899,102
0.890170555,0.930227525,102
-0.231755,0.014995044,102
0.062471312,-0.825694958,102
0.159505747,-0.712255429,102
-0.243642243,-1.173240831,102
0.714093221,-0.974114923,102
1.107171632,0.498039928,102
0.521918237,0.61190279,102
0.039176457,1.433645076,102
-0.086855515,-1.283019054,102
0.418560331,-1.683069553,102
0.342236259,0.37617393,102
-0.523127869,-2.440886672,102
-0.016133186,-0.060434915,102
-0.691951714,2.126328276,102
-0.452387847,-1.6381139,102
-0.608933232,-0.800077637,102
-0.361969875,0.420332658,102
0.002766139,-0.589016693,102
-0.298183233,-1.817686978,102
-0.2045993,0.730217625,102
-0.320428122,-0.894724703,102
1.312382997,1.001831688,102
0.581658879,0.385856734,102
-0.127124011,-0.480702303,102
1.134673642,1.666174384,102
0.59843951,2.745090799,102
0.175379812,-0.114987752,102
-0.488232913,0.041470908,102
0.473773733,-1.508134888,102
-0.222175032,-0.292013334,102
-0.103510458,-1.08328395,102
-0.060456233,0.889669341,102
0.610374754,-0.39340223,102
0.496202239,0.021752959,102
-0.07373606,-0.979057705,102
0.894023127,1.217537733,102
0.978872722,1.604958818,102
0.271580154,2.471276717,102
-0.561585403,-0.713851737,102
-0.135652414,0.610707043,102
-0.378471956,-0.749573461,102
-0.355613651,-0.323625963,102
0.419626485,-0.026954578,102
0.199812249,1.81259931,102
-0.263642773,0.732727419,102
-0.690024877,0.913237142,103
1.262900901,1.321325767,103
-0.070513796,-1.011106308,103
0.272618891,1.361560744,103
0.85771711,1.332248128,103
0.759559157,0.450870103,103
0.847002225,0.19068094,103
-0.019638708,-0.030836078,103
0.531175737,1.546362786,103
-0.609129446,0.174731786,103
0.589828149,0.221983575,103
-0.734104056,-3.025986975,103
0.613695882,0.75481073,103
0.294611246,-0.603429073,103
-0.822250165,-1.159596057,103
-1.197240139,-0.94967327,103
0.434162686,0.15186872,103
-0.104875312,-0.761612799,103
1.349968796,-0.536538339,103
-0.348444589,-0.537758147,103
0.493634211,0.901664621,103
-0.674345265,-0.548020497,103
0.106415335,-0.00446581,103
0.165086977,-1.096957648,103
0.586940319,-0.039567891,103
0.94778177,-0.178247608,103
-0.196844881,-0.165236885,103
-0.055951555,-1.479584835,103
0.21913473,-0.089850844,103
-0.238109296,0.513543198,103
-0.325849287,-1.2147271,103
-0.819386339,-0.293775723,103
-0.495615513,-0.702603968,103
0.349547434,-0.863893324,103
-0.105317252,0.573279583,103
-0.93085893,-1.967447063,103
-0.883051762,-0.448970917,103
0.33946056,0.73120187,103
0.325960935,-0.108019669,103
0.653810675,0.787313439,103
0.328391792,1.588512077,103
-0.290475377,0.0859531,103
0.142471584,-0.132961367,103
1.319289559,2.556989688,103
-0.59981507,0.311734553,103
-0.746288942,-0.181092565,103
-0.381773858,-0.439745551,103
0.295918052,0.951364012,103
-0.327389976,0.307303983,103
-0.360822845,-1.71497228,103
0.032533066,0.329818967,104
-1.382876905,-1.614203966,104
-1.589556519,-1.485048951,104
-0.663925967,1.517019634,104
-1.591745739,-1.373885265,104
-0.528113881,-0.241814611,104
-0.521942283,0.896130998,104
-0.965748941,0.280350261,104
0.510405551,-0.08912967,104
-0.802352619,-0.693415672,104
-1.441562703,0.629148105,104
-1.202656963,-0.3052244,104
-0.326856271,-0.166988658,104
0.139806391,-1.364140407,104
-1.272354025,-1.563756895,104
-0.963219463,1.406790822,104
-0.662962435,-1.74442039,104
-1.480161108,-0.652075652,104
-0.336904724,-0.855727632,104
-0.42499702,0.203934554,104
0.264668065,-0.436011486,104
-0.181899555,0.836380385,104
-0.927772745,-0.677772267,104
-1.971447902,-0.926807349,104
-0.20979213,-0.574126814,104
-0.451457799,0.096401633,104
0.024464252,0.270572372,104
-0.898859874,0.09214922,104
-1.719300133,-1.383008262,104
-0.767082561,0.315102151,104
-0.785902152,-1.031486219,104
-1.352345664,-0.683281327,104
-1.216747491,-0.91674376,104
-0.776459899,-3.156202391,104
-1.03775159,-1.792434238,104
0.093400396,-1.532718277,104
-0.071788118,-1.116811587,104
-1.553208835,0.82154522,104
-0.569762456,1.3356819,104
-0.732307981,1.040092556,104
-1.03371809,0.14646716,104
-0.836073151,-1.885849813,104
-0.15119561,1.235442711,104
-1.44844444,0.872749607,104
-0.397445644,-0.349633897,104
-1.069155146,0.408925387,104
-1.107647369,1.372776182,104
-0.442116151,0.289354109,104
-1.403833673,0.648765275,104
-1.2063551,0.412514963,104
-1.563152982,-0.407139028,105
-2.336036643,0.846627546,105
-1.40894185,0.323129286,105
-2.136069904,1.079830942,105
-0.564256924,1.730947891,105
-1.411480989,-2.477759775,105
-1.338857019,0.410891565,105
0.38734215,-0.227886056,105
-1.61132508,0.087855282,105
-0.232281788,0.904467073,105
-1.229167863,-0.345433971,105
-1.027458137,-0.685799352,105
-0.637559415,0.436643064,105
-1.183806739,-1.130533778,105
-1.700148692,-0.184760624,105
-1.432507777,-1.404191953,105
-1.248634975,0.166659449,105
-0.807098938,-0.924832669,105
-1.613341009,0.268171032,105
-0.842695792,0.403636485,105
-1.198987998,0.042531913,105
-0.860836718,1.293313125,105
-1.431701116,-1.461408721,105
-1.915915362,0.755873381,105
-1.042264883,-1.743718006,105
-1.575307179,-0.390759146,105
-1.826607711,-1.548885841,105
-1.359513557,-1.425292627,105
-2.165542477,-0.203816106,105
-1.285702881,1.494892188,105
-2.112156688,1.226129056,105
-0.679683876,2.610675155,105
-1.767126477,1.116009505,105
-0.918716816,0.097953171,105
-1.404895618,-0.425177828,105
-0.72745908,-0.137871359,105
-0.90860765,0.77193183,105
-0.894301253,0.256504893,105
-1.164376366,-0.175696477,105
-1.431604936,-2.086096367,105
-2.335934797,-0.721190022,105
-1.79372048,-1.387766821,105
-1.068710881,-1.386733117,105
-1.353906279,-0.037925228,105
-1.112502338,0.917565254,105
-1.555012128,-0.219061274,105
-1.388006339,-1.648132243,105
-1.404953024,0.262206802,105
-1.123847944,-1.42948636,105
-0.634181802,-1.033068194,105
-1.144570796,0.456172175,106
-2.074951588,2.667376638,106
-0.513545554,0.436253223,106
-0.742981241,-0.681745889,106
-1.183848545,0.766288877,106
-0.489966396,1.310689957,106
-0.028332246,0.034029557,106
0.098104136,-0.643032477,106
-0.09976398,1.179392699,106
0.261913563,-0.977743815,106
-1.011453734,0.511080129,106
0.322480889,-0.065170166,106
-0.635441652,0.324623587,106
-0.366403165,-0.012900122,106
0.224310267,-0.082969494,106
-0.333083769,2.039522972,106
-0.219085402,0.548565058,106
-1.244947828,2.419713734,106
1.244370339,-3.025829649,106
-0.046547714,0.023465084,106
0.952728018,-1.628320525,106
-0.889330126,0.183590059,106
0.747392925,-1.667383007,106
0.248132464,0.287125885,106
-1.057604908,1.364400681,106
0.395227181,-2.014531905,106
0.21453952,0.413779444,106
0.379557645,0.747471233,106
-0.259222457,0.291239292,106
-0.401523641,-0.89289964,106
-0.714465857,1.520329193,106
0.382553585,-0.402261411,106
-1.23319211,1.307548611,106
0.348352087,-0.103989642,106
-0.197087614,-0.750106659,106
0.697553085,-0.00102481,106
1.012757116,-2.259606593,106
0.09082675,-1.948707872,106
0.197060047,0.384824036,106
0.443694529,-2.306729448,106
-0.389119532,0.523068017,106
0.060875039,0.232990624,106
0.237176633,0.418418314,106
-0.262577341,0.04740573,106
-1.443960983,1.040693207,106
0.073844657,-1.0004976,106
-0.051967777,0.551984721,106
0.577001775,0.118265624,106
-1.100380466,0.877376456,106
0.613713975,-1.152880288,106
0.192226472,-0.018462468,107
0.289930248,0.829833415,107
0.176726059,-1.292214084,107
-0.115513635,-0.121899226,107
0.46511738,1.295920313,107
0.908530623,1.628256912,107
0.46645022,1.582354794,107
0.514756315,-1.61644964,107
0.40460525,0.071480071,107
-0.511931661,-2.697713638,107
0.485187536,1.05483204,107
0.363021594,-0.634966812,107
0.072595565,0.129851722,107
0.487254209,-0.726774957,107
1.042127379,-1.144964141,107
0.368936633,0.403446927,107
0.720736857,-1.956925129,107
0.088600039,1.345187699,107
1.425815417,0.153872485,107
0.434832901,1.336548207,107
1.158286103,0.760901125,107
0.245723127,-0.032021434,107
0.553216088,-0.233012794,107
0.29061259,-1.250366958,107
-0.365507064,-0.56462052,107
0.326556021,-1.078336907,107
0.58272559,1.524355342,107
0.82328942,-0.525762336,107
0.733061282,-1.19142566,107
0.477953938,0.324763707,107
0.790029515,-1.186366777,107
1.252972962,-1.080358183,107
-0.396351349,0.039951933,107
0.911369034,-0.629686724,107
1.128616375,1.415112309,107
-0.008804551,0.713750388,107
0.710112013,1.195288412,107
0.165983264,-1.962069715,107
0.818513452,-0.788910755,107
-0.139219961,0.86650448,107
0.802209077,2.269514487,107
-0.991647721,0.153387,107
1.340083874,-0.050904867,107
0.261186483,-1.352323081,107
0.001568097,0.892723546,107
0.415840289,-1.648820157,107
1.289844618,0.448768724,107
-0.341166238,-1.477067908,107
0.783018363,-0.166995852,107
-0.687360527,-0.679838191,107
-0.793202934,0.288039827,108
1.479372629,-0.396102439,108
0.570951423,0.902628863,108
0.657085999,-2.599776308,108
0.04371188,-0.265278974,108
1.363128638,1.35491111,108
1.325446043,0.083029135,108
0.890497881,0.632993224,108
0.359396579,0.191362693,108
1.045720779,0.14406539,108
0.044368523,-0.254427058,108
0.987840968,-0.123231561,108
-0.136680604,0.762880026,108
2.213068647,-0.383711533,108
0.149341315,-0.741716831,108
0.263224877,-0.637851906,108
-0.036209011,-0.094813174,108
0.41316694,-0.937507532,108
0.553623933,0.826719328,108
1.719632497,0.454709226,108
1.297796019,-1.630865738,108
1.266318113,0.922597092,108
1.028589333,-0.948413384,108
1.939200098,0.083927835,108
1.786598241,-0.011121719,108
0.943545686,-0.711062445,108
0.914852364,0.057812065,108
0.743747735,-0.055842409,108
-0.139912329,0.555768544,108
1.150798879,0.346817869,108
0.481439124,-0.587807849,108
0.791787354,1.326231194,108
0.317087503,0.202090448,108
1.815298373,-0.486270266,108
1.778643303,-0.449458724,108
0.296208715,0.900193477,108
1.693066399,-0.298458067,108
1.082635482,0.043822207,108
0.135424191,0.477347215,108
0.546799907,0.389421474,108
0.590080672,0.396383136,108
0.806702845,-1.383481188,108
0.964025018,0.052877496,108
0.186901865,0.380811959,108
0.986125949,0.07644499,108
1.348028633,-0.575084873,108
-0.106524389,-1.447557748,108
0.29383832,-0.260066059,108
1.378664444,-0.68342671,108
0.352440991,1.499303647,108
0.544131443,-1.220040852,109
-0.364967547,-0.925371746,109
0.190289908,-1.041674369,109
-0.100925822,0.394696389,109
-0.270768787,0.995425424,109
0.157220331,-0.976204455,109
0.284120037,-1.173076667,109
-1.91454487,1.143238736,109
0.133665453,-1.302958116,109
-1.60573795,0.728101403,109
-0.885945854,0.497551457,109
0.255058045,-0.086297043,109
0.757731395,-1.713728567,109
-0.414432544,-0.8769672,109
-0.519879876,-0.921009352,109
-0.055305016,-0.460879593,109
-0.478654293,0.81150108,109
-0.41863777,-0.548548559,109
-1.106648962,0.155821638,109
0.315084343,-0.289835762,109
-0.180055636,-0.107716305,109
0.137985526,-1.106371394,109
-1.352727176,0.448582776,109
0.124886882,0.314783429,109
0.091640536,0.06614913,109
-0.351496671,-0.364872321,109
1.49915553,-1.50230438,109
-0.240263926,-0.148190882,109
-1.912792761,1.121647238,109
-0.614325801,1.280367202,109
-0.114476786,-0.09395106,109
0.220539053,-0.629782181,109
0.71301389,-0.425426241,109
-0.944818989,0.150643247,109
-1.549926665,0.574469264,109
-0.747137196,-0.30328616,109
0.56245559,-0.83934049,109
-1.091386456,1.5385376,109
-0.53060893,0.128970577,109
-0.48754566,1.127423075,109
-0.919963192,1.512244074,109
0.534013918,-1.802949275,109
-1.450718883,1.237367294,109
-1.02977002,-0.211479744,109
1.553575831,-2.703767064,109
-0.005795188,-0.445630311,109
0.332370678,-0.895060754,109
0.966978793,-1.099598881,109
-2.765641176,1.203362105,109
-0.773756981,0.495792101,109
0.155917896,-0.098565466,110
0.530153681,0.495080535,110
-0.525670919,1.180248554,110
0.503858015,-0.556661223,110
1.401557601,-0.70634799,110
-0.088420987,0.475779413,110
-0.261361613,1.398193235,110
-1.021022223,0.59536482,110
-0.548732894,0.442282949,110
0.758920648,0.304577559,110
-0.606614259,0.075473664,110
0.251813815,0.740350898,110
0.37756983,-0.840831895,110
1.015894067,-1.071231715,110
1.296997636,-1.090874346,110
0.663574762,-0.883635205,110
2.480600708,-1.971288531,110
1.420720011,-0.591590296,110
-0.673791798,1.238671836,110
0.316750314,-0.394019791,110
0.709734808,0.335763729,110
0.777797018,-1.60853764,110
0.424197873,1.220104415,110
0.189176092,0.066871584,110
0.296678379,-0.793575478,110
-0.314965876,0.306327821,110
-1.713347249,2.757656801,110
1.803000968,-1.645375108,110
0.520250328,-0.547705332,110
-1.092077338,0.647749317,110
1.216404608,-1.524191689,110
-0.4469335,-0.437039065,110
0.462130708,-1.004773706,110
0.491978058,-1.328830051,110
-0.544834377,0.196753579,110
-0.353067438,0.262585552,110
-0.459707115,0.797415105,110
0.954418561,-0.643594306,110
0.182696036,0.12675507,110
-0.581660828,1.056865649,110
0.678892672,-1.53422779,110
1.222471147,-0.961992494,110
-0.517168505,-0.166526237,110
0.940194522,-1.153466949,110
-0.09202329,-0.390776827,110
-0.034440977,-0.828580258,110
0.370710199,-0.544009041,110
-0.484969744,0.105689878,110
-2.138604033,2.354105429,110
-0.660522351,1.128343487,110
-0.208021687,-0.869915893,111
-0.130535149,-0.031543569,111
-0.239843585,-0.735257903,111
-2.205658128,2.013139791,111
-1.875531898,0.259475744,111
-0.581211841,-0.039205064,111
-0.692580359,-0.463232268,111
-0.305333022,0.099397098,111
-1.140892673,0.326857303,111
-1.553420733,0.51279168,111
0.467278613,-0.828335616,111
-0.102205685,-1.05280504,111
-1.807028185,-0.255236433,111
0.215734053,-0.040474533,111
-1.127776127,0.631038653,111
0.644994462,-0.56094643,111
-0.922442796,1.032673114,111
0.4467898,-1.5872921,111
-0.073073352,-0.006478799,111
-1.312010136,0.111620832,111
-0.338212946,0.499268098,111
-0.684324277,-0.234443807,111
-2.745080229,2.384062292,111
0.782659778,-1.275478873,111
0.338976435,-1.171316715,111
-1.832030064,1.434185996,111
-1.27400157,-0.619943024,111
-0.006176293,-0.457929367,111
-1.022942483,0.166489018,111
-0.304575954,0.337531677,111
-0.682388001,-0.182562819,111
-0.733889353,-0.240267264,111
0.304235857,-1.179652151,111
0.455099693,-0.416839154,111
-0.686294289,0.192196081,111
-1.159144565,0.722324839,111
-2.767028457,0.752032794,111
-0.900209041,-0.509180141,111
0.493030318,-0.225311519,111
-0.369267744,-0.240579249,111
-1.639949318,1.134215246,111
-1.202884676,-0.609181521,111
-2.439171915,1.382036642,111
-0.792233197,-0.232037616,111
0.902735257,-1.647875642,111
-2.205653481,0.502859,111
-1.205336441,0.025746292,111
0.529947032,-1.502330928,111
-1.279796084,0.39198081,111
-0.30820752,0.492641862,111
-1.460556846,-0.688874726,112
-0.473758161,-0.791057253,112
0.440555651,0.776069483,112
-0.098592742,0.077179014,112
-1.90774901,-2.506246021,112
-1.868327289,-1.728601626,112
0.871758719,-0.22169687,112
0.329270404,0.864011569,112
-1.422344297,-0.560946081,112
0.362641591,0.492611016,112
-0.545879307,-0.878888237,112
-0.978743513,-0.686406927,112
0.988193609,0.849727228,112
0.129391384,0.701945853,112
-0.876347527,-1.061003404,112
-1.438552739,0.465084744,112
-0.191310513,-1.222725735,112
0.413546206,0.505768435,112
-0.232641095,0.248659465,112
-0.501229796,-1.273924403,112
-1.35508645,-1.340943064,112
-0.108646584,-0.059963579,112
-0.75254608,-0.717800587,112
-0.688205285,-0.678378632,112
0.962948954,1.051416951,112
0.847789781,0.673189785,112
-1.041010954,-1.138633218,112
0.052542381,0.119540597,112
-0.579121378,0.231908372,112
-1.017420907,-1.194369073,112
-0.255935982,0.118217888,112
0.535117497,0.258096742,112
-0.850894834,1.229764505,112
-0.98874072,0.418563026,112
-1.258549175,-0.09403398,112
-1.412500434,-0.696792575,112
1.993327102,1.126427559,112
-0.009299832,-0.631493507,112
0.112883514,-0.257861757,112
0.966295862,0.658054619,112
0.222794566,0.502874602,112
0.533017444,0.860250369,112
-1.462808794,-1.005762652,112
0.178511627,0.850227264,112
0.190751383,0.50258617,112
-0.487365406,0.686620242,112
0.517872219,1.012076619,112
-0.760834464,-1.445816179,112
0.432464598,0.166991489,112
-0.516359508,-0.911994875,112
1.110102506,-0.52144224,113
1.080892504,1.189662295,113
1.276967364,1.022664587,113
0.528206714,3.614158627,113
0.946814978,0.777495817,113
1.547638717,0.860812011,113
-0.141274066,-0.048277211,113
0.906804838,0.135348114,113
0.097160595,-0.01567035,113
1.184670773,0.062871372,113
0.250050952,-0.452600394,113
1.251482737,-0.993710319,113
0.172493558,-0.181106593,113
0.896313913,-0.768992116,113
0.733729506,-1.226266619,113
1.789199305,1.106652114,113
1.456541586,-1.698813989,113
0.231937889,-1.030679069,113
-0.058770038,0.434620381,113
1.761495925,-1.196402193,113
1.615262518,-0.368585498,113
0.68755691,-1.384555797,113
1.049571294,-0.612885859,113
0.487094248,0.125889891,113
0.4829136,-0.398868941,113
0.992642452,-0.501686336,113
0.656514914,1.850899133,113
1.778129367,1.779388838,113
0.624612325,-0.724062316,113
1.122532747,0.687768811,113
0.720129441,-0.08462627,113
1.18641421,0.303954329,113
0.262604039,-0.824099947,113
0.011660038,-0.56349174,113
1.346069149,-0.742845108,113
0.493507207,-0.17661613,113
0.230742967,-0.386208528,113
1.526661677,0.203596772,113
0.728412211,-0.894649368,113
1.569406139,-1.588728464,113
2.390975598,1.279597639,113
1.030105138,-0.379937784,113
0.396575817,-0.31890701,113
0.903984727,-0.37582621,113
0.795595147,-0.156165674,113
0.55815396,-0.232969351,113
0.710426393,-0.591728982,113
0.003326447,-0.026202494,113
0.932396028,-0.804545029,113
-0.122651203,-0.467207881,113
-0.148974817,0.541002249,114
-0.274221507,0.412511144,114
-0.461875366,1.211825533,114
-2.534985044,-1.965574608,114
-1.100711703,-0.049066763,114
0.146362789,0.978532974,114
0.636935996,2.088764916,114
-1.235597356,-0.443819717,114
-0.672917197,0.356896507,114
0.284080623,-0.027356203,114
-0.4983851,0.72967507,114
-1.934561032,0.132005881,114
-1.877478721,-1.55106401,114
-0.825084357,-0.077176724,114
-2.411419815,-2.372429039,114
-2.672184824,-1.393332126,114
-0.561904112,-1.299999586,114
-0.951123879,-0.760187625,114
-1.033101216,-0.291559976,114
-0.808730344,0.388135433,114
-1.052718397,1.061860306,114
0.265841208,-0.63968105,114
-1.132363614,0.172569648,114
-1.344720359,-1.20216541,114
-0.357801586,-1.242197635,114
-0.944776366,0.168837273,114
-0.788027166,0.061709663,114
-1.263512536,-1.294624888,114
-1.11031719,0.086144776,114
-0.789918977,0.645482177,114
-1.208709268,-0.927938036,114
-1.644678042,-0.524237403,114
-1.097193866,-1.012750041,114
-0.580590345,-0.147132677,114
-0.839547816,0.080174227,114
-0.710614399,1.490429306,114
0.653796126,1.870130351,114
-0.904651667,-0.157497094,114
-2.20901861,-1.476632393,114
-1.664342275,-0.285316759,114
-0.781626371,-0.354383731,114
-3.490487826,-2.024918368,114
-0.650834215,-0.247658253,114
-0.952906112,0.468117206,114
-1.547897515,0.132821832,114
-0.014181464,0.954709914,114
-0.303254866,1.416280868,114
0.062110228,-0.242919752,114
-0.110390044,-0.605346103,114
-0.09087312,1.361921671,114
0.289444176,0.338401487,115
0.349064551,-0.381313887,115
0.239075892,-0.910424811,115
0.13583018,-0.164801077,115
0.344262494,0.344946727,115
0.233812616,0.627972788,115
-0.060843804,2.156363503,115
0.64409508,1.16722239,115
0.365122718,-2.220150691,115
0.357148013,-0.379848503,115
0.245130897,-0.846494824,115
1.512283678,-2.056016506,115
-0.448017501,-0.925281535,115
0.449899684,-0.487299223,115
0.500543294,-1.269091395,115
0.612411166,-0.994506945,115
0.171210185,0.966666024,115
0.628533091,-0.511396534,115
0.907892087,0.376371817,115
0.896694591,-0.883540832,115
0.57831713,1.54054866,115
0.33268079,0.324565195,115
1.329986977,0.549729093,115
0.402859391,-0.37170303,115
0.996088143,0.137264869,115
0.474014422,-0.026717207,115
0.597230517,0.301682711,115
1.427272801,0.374951275,115
1.483889524,-0.895898637,115
0.234046082,-0.585379993,115
0.006556569,-2.413882283,115
-0.059305859,-0.592415977,115
1.108544744,0.576127645,115
-0.087949395,0.520950259,115
0.909514931,-0.437342439,115
-0.661575233,0.692238485,115
0.832688377,1.757388255,115
-0.219603101,-1.112565672,115
0.910383336,0.44490138,115
0.01400483,2.828498275,115
0.353885494,-0.429200216,115
0.416955284,-0.064494927,115
1.115756367,1.334507736,115
0.646625559,-1.293040763,115
0.744276913,0.086881982,115
1.501046391,0.250406121,115
-0.187511948,0.473571549,115
0.089037162,0.443388941,115
0.558696262,1.267312394,115
-0.143972075,0.118358137,115
0.231925026,0.60641697,116
0.349598941,1.824614482,116
0.750171216,-0.550754117,116
0.920067376,0.129895469,116
1.138479888,2.673524997,116
0.94212164,-0.344203123,116
1.007242749,-0.710723081,116
0.268960591,-0.158732637,116
1.00403379,2.663176156,116
-0.391860283,0.667277448,116
0.355782446,-0.616739563,116
0.173757068,0.297661065,116
-0.303992637,-0.905551346,116
-0.23935203,-1.076544427,116
-0.623371457,-0.853741704,116
0.299374012,-0.374356018,116
0.483257455,0.810235849,116
0.607846782,0.789125123,116
0.197587788,0.938137492,116
0.876491621,1.375596008,116
-0.87341862,-1.036727979,116
0.206243362,0.567246188,116
0.230160128,-0.820365599,116
1.201569378,0.402248549,116
-0.949342665,0.839327348,116
0.292747637,0.289687598,116
0.78493304,-1.320420803,116
0.12241025,-1.022308223,116
0.792774514,-1.821099583,116
0.072451456,-0.998714704,116
-0.331817079,1.474274393,116
0.176695883,0.525581498,116
0.317535206,-0.857686299,116
0.018622407,1.249879007,116
-0.086354518,-0.318136485,116
0.36073865,1.058439828,116
-0.120568197,0.416527845,116
0.24310636,1.210488971,116
0.643810434,0.14394341,116
0.44324596,1.408805973,116
1.16104244,-0.382517078,116
-0.015021159,-0.612807489,116
0.234421642,0.494738585,116
0.523947605,-0.593486295,116
0.543692261,-2.304741234,116
-0.084197815,0.780634079,116
-0.350144846,-0.164902051,116
0.510130692,-0.05611459,116
-0.351793753,-1.381720629,116
0.05392081,-0.341175136,116
0.81802172,2.307019482,117
0.967151137,-0.385209616,117
1.205002801,0.574586845,117
0.925698255,-0.128895842,117
0.300532721,-0.009445795,117
1.267226899,0.74523069,117
0.061531865,-1.096358479,117
0.234968193,0.159526058,117
0.644865607,-0.066391462,117
1.164704717,1.297930165,117
0.52085132,0.056989447,117
1.044310744,1.137700984,117
0.121727125,0.29209678,117
0.062732253,-0.903580612,117
0.901608423,0.821227758,117
0.276932504,-1.111956783,117
0.550522857,0.4085946,117
0.418606434,-0.373236858,117
0.145559409,-0.389289245,117
-0.449873805,-0.556473767,117
0.554367913,-1.368896153,117
0.362501145,-0.227153848,117
1.612452627,0.241689395,117
0.064051239,0.55517554,117
0.521914288,0.753695202,117
0.536465666,0.521730171,117
-0.823425926,-2.070933702,117
0.747282264,0.051536362,117
0.979327265,2.553799896,117
0.331943418,0.148228738,117
0.133916973,-0.652126457,117
0.189786743,1.042167674,117
-0.314129651,-0.489506271,117
1.487540054,1.139041889,117
0.324290491,0.376053401,117
0.791461847,1.267046014,117
1.261312892,0.869755375,117
0.43150537,-1.375007702,117
0.550680482,1.045543052,117
-0.509823891,-1.885711189,117
-0.402006916,-0.190105735,117
0.147492635,-0.390913212,117
0.889619879,-1.513017688,117
1.713718653,0.822498982,117
-0.553923385,-0.683620006,117
-0.246108883,-0.084600757,117
-0.098309359,0.028057243,117
0.346520363,1.16016814,117
-0.328726611,-2.654937399,117
0.721516959,0.908996261,117
-0.381988491,-0.451313847,118
0.261361613,0.508456033,118
0.301951098,0.476113404,118
-1.068630486,0.630599312,118
0.366185617,0.562897887,118
0.463706013,-0.380455562,118
0.305249259,-2.060468894,118
0.06027503,-1.3218648,118
0.392014093,-1.283213428,118
0.445931584,0.613311445,118
-1.226171769,-0.434800239,118
-0.838024867,-0.659208576,118
0.801068974,0.610052995,118
0.170477153,0.868466766,118
0.735097124,1.107321282,118
0.326540874,-0.396422527,118
-0.812450923,1.259164356,118
0.236837221,0.446861357,118
0.703078583,-0.739397365,118
-0.34177465,0.50170833,118
-0.041180156,2.329528966,118
0.243314088,-0.783074244,118
0.240625528,-1.614222652,118
-0.454159709,0.692566628,118
0.490031361,-1.767256743,118
0.117300629,1.304248047,118
-0.18877614,1.372901647,118
0.436137992,0.666625767,118
-0.244586427,0.344805662,118
0.609140108,-1.562990641,118
-0.945780242,0.677181401,118
0.245040744,0.52365345,118
-0.178393334,1.031930677,118
0.106703415,0.263220896,118
0.025451476,0.048717241,118
0.063905244,1.354213048,118
-0.209164641,0.376237945,118
0.120199009,0.659836624,118
0.234613995,-1.329285692,118
0.048684386,-0.627144812,118
-0.325647423,0.954691207,118
-0.329054883,-0.207838587,118
-1.219739142,-0.726286469,118
0.341123519,0.836947959,118
-0.710830138,1.231093075,118
0.719338287,-0.097065469,118
0.310982182,0.675501791,118
-0.647024688,0.021778956,118
-0.761423837,0.299276449,118
-0.368761134,-1.681866496,118
1.686345583,1.75308224,119
0.489938987,0.331887202,119
0.565988265,1.461054436,119
-0.330204215,-0.751496304,119
0.588522919,-1.526686369,119
0.533407863,-0.987422692,119
1.256544723,0.121106119,119
0.788047432,-1.510297412,119
1.117319685,-0.580579018,119
0.846140099,-0.805116161,119
1.53004891,-1.832417852,119
0.926387379,-1.54867168,119
-0.403646896,-0.270641408,119
0.109683367,0.102324147,119
0.581605859,-1.323182201,119
0.592191711,1.245467722,119
0.915635977,-0.244895833,119
0.555437219,-0.323278181,119
-0.019055512,0.663527082,119
1.190427578,0.131941386,119
1.199551297,0.933817107,119
0.36708799,0.237232049,119
2.215114907,-0.752141878,119
0.240883594,0.23320638,119
0.536458627,1.598613602,119
1.276321597,0.530959326,119
0.380385139,0.724238601,119
0.605658163,-0.466740558,119
0.887943767,0.129422772,119
0.795923224,-0.854077051,119
0.574095576,-0.684441483,119
1.026686092,-0.959300076,119
0.519666186,0.140935107,119
-0.785776579,2.83034258,119
-0.009279467,-1.335248618,119
0.209206885,1.323722263,119
1.691232976,-1.524623833,119
0.307493222,1.250730908,119
0.152215734,-0.412608973,119
1.161629109,-0.555483852,119
1.819812607,-1.151820074,119
-0.635549484,-0.076158195,119
-1.213336836,0.92417817,119
0.939225245,-0.584147819,119
-0.042839613,-0.483729848,119
0.92391419,-1.260439628,119
1.202709656,-1.25418488,119
1.362180025,0.056420006,119
0.62630996,-0.75402598,119
0.406139692,0.909280362,119
-2.260935718,1.280586408,120
-0.260087292,0.033042381,120
0.092416929,-0.329454153,120
0.422883248,-1.25302356,120
-0.847486021,0.254761453,120
-0.784560165,0.517233801,120
-0.012549935,-0.438068254,120
-0.699684835,0.561198133,120
-1.11589096,0.173134404,120
0.000442421,-0.464554956,120
-2.193343963,2.516183669,120
-1.670074303,0.45042541,120
-0.315836386,0.781437189,120
-0.015622736,-0.661762097,120
0.931090191,-1.920260644,120
-0.558387853,0.116355166,120
0.737079692,0.520523219,120
-0.080564195,0.625347463,120
0.657579441,-1.185827757,120
-0.681510856,0.466391232,120
1.253023929,-0.909899001,120
0.073908014,0.121297368,120
-1.594209056,1.884296737,120
-0.036189541,0.069636515,120
-0.878266702,0.073877497,120
-0.623532528,1.792771314,120
0.32806216,-0.651813352,120
-2.099456061,1.046014162,120
-0.285801841,-0.353761957,120
-2.732714366,2.913952592,120
-0.65459695,0.491558308,120
-1.012896352,0.569645976,120
-0.548328687,1.555477425,120
0.304393886,-0.928972904,120
-0.891312855,-0.073089799,120
0.600765163,-0.599726709,120
-0.803646967,0.371805469,120
-0.417572584,-0.172884684,120
-0.272501579,-1.332188197,120
-0.430768031,-0.256760865,120
0.267337452,-0.693533708,120
-1.648217792,0.935364053,120
-1.232241128,1.043656429,120
0.44506404,-0.84066747,120
-0.495913435,-0.42356783,120
1.586240961,-1.474004298,120
0.642708461,-0.851522698,120
-1.227162132,0.73224593,120
-0.074139418,-0.790643386,120
-0.178305348,-0.307599445,120
-1.131368954,0.515498698,121
-0.545730128,0.74492289,121
0.581886956,1.853064503,121
-0.056197255,-0.244614109,121
-0.897398743,-1.776691252,121
-0.597484413,0.02013141,121
-0.56821764,-0.031520501,121
-0.508758853,-0.511397886,121
-0.00848499,-0.730923875,121
-0.185396518,1.481740119,121
0.026918399,-1.116416059,121
-0.46206473,1.302309316,121
0.409969816,1.136293102,121
-0.757815532,-0.740110131,121
-0.549904694,-1.958872172,121
-1.211438238,-0.61861752,121
0.179657893,-0.572108954,121
-0.383334731,-1.413417427,121
0.079384892,0.410345404,121
-0.716390118,-0.32123226,121
-0.054432353,-0.359643307,121
0.197802968,-0.24232082,121
-0.510596859,0.357121152,121
-2.215987476,-1.095123904,121
0.206736192,1.756784692,121
-1.292810425,0.015340241,121
-0.704909294,-1.097633799,121
-0.648591398,-1.712053008,121
-0.851434684,0.806665305,121
-0.504007599,0.527522575,121
-0.593285512,-0.457934817,121
-0.784344392,1.455879679,121
-0.788308239,-0.199781853,121
-0.568023323,-0.912576422,121
0.112063682,-1.529123412,121
-0.866226671,0.360815031,121
-0.114524466,1.308703082,121
-0.932976287,-0.199688798,121
-0.069023996,2.851317481,121
-1.505477483,0.246014191,121
-0.322614592,0.342219661,121
-1.204604732,-0.270425097,121
-1.251433849,-0.457587447,121
-1.309034097,-0.076786306,121
-1.088807589,1.357645619,121
0.376073159,0.68683106,121
-0.00622649,1.519280313,121
-0.262115113,-0.216592284,121
0.650635939,1.054981432,121
-0.473807128,1.55696381,121
-0.725411295,1.066008277,122
0.688240246,-0.049988159,122
0.368379952,-0.096989629,122
-0.583010599,0.041146962,122
-1.7322533,1.178589109,122
-1.129666646,0.490624744,122
-1.169703483,0.366093308,122
-0.576364269,-0.120593204,122
0.138945373,-0.231093319,122
-0.02492313,0.332095778,122
1.333457851,-0.268854979,122
1.223699428,-1.406700773,122
-0.488308829,0.132469363,122
1.598844843,-1.264423022,122
-0.490103392,0.107934193,122
0.169335298,-0.456579863,122
0.196721703,-0.758241422,122
-2.663356563,2.683434845,122
0.264287614,-0.110012695,122
0.214478527,-0.092159911,122
-2.212277157,2.422484717,122
1.78439091,-1.123189699,122
-0.678385766,0.709831116,122
0.334395054,-0.995875806,122
-0.58029893,0.475607359,122
-0.19647163,-0.319933127,122
-0.99473406,0.918739061,122
-2.888765634,1.59584655,122
1.529514196,-1.832461546,122
-0.578998324,0.008970039,122
2.590407539,-1.848384145,122
-0.341063833,0.738468799,122
0.016833281,-0.680645835,122
-0.403493293,-0.043349927,122
-1.636490338,1.877909749,122
-1.224780851,1.15112029,122
-0.241586841,0.423263399,122
0.934997011,-0.23583755,122
0.088249274,0.256449666,122
0.304638046,-0.558376662,122
0.609443962,0.062741758,122
0.019649845,0.033532236,122
0.755654275,-0.691910395,122
0.459102733,-0.302799102,122
-2.725089475,2.741970834,122
-0.630313389,0.982425476,122
-1.303760828,0.8360769,122
-0.634700055,0.183323701,122
0.418630038,-0.958399024,122
-1.223388197,1.591237516,122
-1.232741167,-0.974348011,123
-1.572503247,-0.788745958,123
-2.36177645,1.370591203,123
-0.533717112,-1.009230577,123
-2.11194506,0.231183725,123
-1.295580627,0.224980014,123
-1.718781776,-0.522396448,123
-1.738873065,1.694398758,123
-1.607273252,0.255852305,123
-1.400690195,0.256570271,123
-2.645977577,1.126532334,123
-1.589799676,1.403827671,123
-1.93872967,0.248579373,123
-1.83271528,-0.211257147,123
-2.007898398,0.637196765,123
-1.53225351,0.143424432,123
-1.718601024,0.24824368,123
-1.477551662,1.665916612,123
-1.507281847,0.125535609,123
-2.388730814,-1.144746569,123
-1.402002755,0.1031812,123
-0.699399935,-2.097794226,123
-1.804104727,0.433619857,123
-1.950885765,-0.438997074,123
-0.745207212,-0.291160251,123
-1.117282577,-0.463211603,123
-2.25455098,-1.623914208,123
-0.717453538,1.432843773,123
-1.492694692,0.384196739,123
-1.849391057,-0.408917609,123
-2.170003435,0.846221579,123
-1.561083563,-0.026439091,123
-1.813097665,1.180973394,123
-0.970612634,0.135597473,123
-1.258490367,-0.500663174,123
-1.818540808,2.187644346,123
-2.475809445,-0.639978802,123
-1.3074791,-0.313933911,123
-1.993333094,0.27616178,123
-2.410263467,-0.539928917,123
-2.922701778,1.469597273,123
-1.279092084,1.50356085,123
-2.152670172,-1.892690418,123
-1.374838457,-1.317245736,123
-1.727680138,0.142203102,123
-0.941685917,-0.641399262,123
-1.328903554,0.341047322,123
-1.767616208,-1.374098995,123
-0.392976489,-1.133475331,123
-1.676664601,1.421700715,123
-1.257104548,0.076479784,124
-0.066389751,-0.514030482,124
0.078989283,-1.233221217,124
-0.334363212,-1.926442994,124
-0.963803199,-0.351686051,124
-0.637601011,0.345359448,124
-0.134284933,-0.973362782,124
-0.750197631,0.04394967,124
-0.583422204,0.556180461,124
0.012703669,-0.637510892,124
-0.226609334,-0.738083132,124
-0.191744418,-1.625505183,124
-0.335877738,0.802690724,124
-0.760172143,0.584740416,124
-0.652332845,-0.459306972,124
-0.018388745,0.727749624,124
-1.553603626,-1.808648171,124
-0.627500264,-0.733090328,124
-0.317782003,0.184936922,124
-0.892860168,1.936371993,124
-0.763199027,-1.02612498,124
-1.588914756,-0.270193535,124
-1.210094274,-1.758290927,124
-1.058050409,0.952313445,124
-1.142936125,2.075582095,124
-0.690403184,-2.448014458,124
-0.927337223,-0.204332421,124
-1.129388578,-0.884890567,124
0.265992442,0.766803264,124
-1.415738104,-0.259672195,124
-1.060884977,-0.082111021,124
-1.063199103,-0.529542286,124
-0.706369319,-1.708059664,124
-0.331902212,-1.118660124,124
-0.176132194,-0.086016786,124
-0.289862981,0.159798367,124
-0.379921065,-0.60284952,124
-0.168989727,0.439162188,124
-0.009226093,0.042643731,124
0.90888023,1.350802201,124
-0.357501598,0.839610961,124
-0.077900692,0.592407301,124
-0.908730868,0.631445111,124
-1.08497661,-0.987773663,124
-0.742145115,-1.349541301,124
-0.375455786,-1.633494434,124
0.180053812,-1.845497034,124
-0.214661038,-1.361891096,124
-0.054110671,-0.486638448,124
0.176642318,-2.141450763,124
1.432807988,-0.035350804,125
0.321559311,0.833950144,125
-0.225554005,-0.124708826,125
-0.483245325,0.063808905,125
0.034342897,-0.708042419,125
0.096000442,-1.646249782,125
0.521635081,1.722620726,125
0.310630776,0.705251856,125
0.126781463,0.61384498,125
0.094531011,0.18565499,125
0.822635421,-1.222922604,125
0.208275649,-1.153300516,125
0.943775287,0.837513676,125
0.338826002,0.688887031,125
-0.22362568,0.259799297,125
-0.199725006,1.731135013,125
1.274975821,0.350039712,125
-0.031516505,1.195065205,125
0.202076603,0.777673651,125
-0.751585811,0.654464863,125
0.470264398,0.221557743,125
0.301284035,-0.287114961,125
0.151558969,-0.622090462,125
0.309985764,0.385071952,125
0.512698332,0.905611984,125
0.437466451,1.382579701,125
0.5058771,1.000451609,125
0.665150297,-0.28585005,125
0.522174925,-1.594852287,125
0.35687196,0.976770141,125
0.295756006,0.592564173,125
0.11467913,-0.035044312,125
0.269672832,-0.222482421,125
1.347479054,-0.403687404,125
-0.889802094,0.879536148,125
0.404665594,1.117932848,125
0.117618695,-1.20789552,125
-0.461846888,-0.602703453,125
0.775367542,0.453588595,125
0.794938143,-2.247150272,125
0.575087539,-0.5118284,125
0.322833746,0.357188327,125
-1.248146155,0.288871937,125
0.925018678,0.364576064,125
0.224653639,-0.290570548,125
0.883751576,0.949182563,125
0.618747762,-0.09093033,125
0.612945445,0.977731746,125
0.402292637,-1.978941125,125
0.761595151,1.387121066,125
0.020910349,-0.085525754,126
0.22905428,-0.46798324,126
0.940030537,0.443043269,126
0.02435616,-1.07711671,126
0.765078386,1.451287213,126
0.805170358,-0.955761875,126
0.655352413,0.910353673,126
-0.217341245,1.212847881,126
0.60593969,0.369706514,126
0.353509035,0.492266974,126
0.111442989,-0.99226619,126
0.055682272,-1.320709875,126
0.054970198,-0.146365013,126
0.240406483,-0.123297305,126
0.973852845,-1.313194591,126
0.163188872,-0.960937032,126
-0.402225124,-0.376626234,126
0.770525592,-1.789107093,126
0.209726634,0.329202344,126
-0.532326136,-0.722341047,126
0.483703501,0.287511352,126
-0.582436931,-1.644792498,126
0.907295244,-0.69511873,126
1.177846183,0.343716286,126
0.195559965,0.27603572,126
1.833420933,-0.969110749,126
-0.441566384,0.532307631,126
0.298811877,-0.656280069,126
-0.00542479,-0.995720335,126
0.705384806,1.470250068,126
-0.292403154,-0.547035285,126
0.196734328,-2.107039308,126
0.650829974,-0.198368194,126
0.023031302,1.93870242,126
0.63034459,-0.642218013,126
1.106774674,1.440108864,126
1.004903559,0.945882649,126
0.744256628,-0.16194377,126
0.239861647,-1.581588571,126
0.3662265,-0.544481441,126
-1.058551974,-3.713817629,126
0.585505561,-0.487814654,126
0.516146167,-0.054763529,126
-0.024381275,0.570330291,126
0.755271952,-0.972906449,126
0.194063596,0.459599205,126
0.651197856,0.202536035,126
0.118290557,0.336481666,126
-0.925746788,-2.543668338,126
0.427371369,0.226083587,126
0.201486946,0.838897359,127
-0.313125516,-0.747764542,127
1.086628182,1.369447039,127
1.367813797,1.736869594,127
0.010736891,-1.374567273,127
1.15508559,0.493867368,127
0.542502292,0.73939158,127
0.33538816,0.182211719,127
-0.647248546,1.01222581,127
0.094609974,0.44031322,127
0.218456679,0.662868016,127
0.668035827,1.837572368,127
0.179643912,1.306594503,127
-0.098515336,-0.994812427,127
0.8319842,1.75823577,127
-0.207825578,-0.109686528,127
-0.608133517,-0.036812703,127
0.449702743,-1.703011244,127
0.122319788,-0.994116454,127
-0.47137039,0.117303645,127
0.288327455,-1.05199371,127
-0.2536835,-1.609769939,127
0.128344421,-0.564272154,127
-1.312198528,-1.125660913,127
-0.666674182,-1.041791339,127
0.807063715,-0.70694533,127
0.535794315,0.946443703,127
0.372981102,-0.920377639,127
1.223110762,1.261812803,127
0.515586759,-0.719242238,127
1.656122069,1.237517696,127
0.429319705,0.539972105,127
1.10018589,1.816471479,127
1.285145078,0.468815455,127
0.976024896,0.365327236,127
0.114623725,-1.281643403,127
-1.046692167,-2.45505492,127
0.176916976,0.28522718,127
-0.12001438,-0.205981389,127
0.311722948,-0.206116962,127
-0.231063592,-0.33479389,127
-0.77060798,-1.39809357,127
0.373375358,0.540768209,127
0.553633012,-0.317353551,127
0.026242146,0.97514307,127
0.231362388,0.223109552,127
0.169983936,-1.727098886,127
0.275017081,0.174079141,127
0.233141846,-0.319896214,127
-0.674044673,-2.029541969,127
0.19790022,-0.993408072,128
1.312259889,0.639508285,128
0.026687678,0.107612183,128
-0.206659385,-0.572052104,128
0.568447342,0.489905334,128
0.805790715,-0.31354691,128
-0.918197941,-0.962626196,128
0.912106374,-0.08526069,128
0.156862829,-0.725547355,128
-0.493198407,0.24593421,128
-1.565280785,1.352608877,128
0.119480891,-0.490095382,128
-1.311639723,1.095389249,128
-0.570836839,-1.235212821,128
-0.298808962,-0.191588989,128
-0.257213844,-1.207732583,128
0.152163516,-0.911073913,128
-0.145025816,-0.191800696,128
-1.116852179,0.527807925,128
-1.301327315,1.388348546,128
-1.656284776,1.043275215,128
-0.430844386,0.22197866,128
-1.115297942,0.608009618,128
-0.927164627,0.138358043,128
-1.668384841,2.17947831,128
-0.898158568,1.98008989,128
-1.096783358,0.337404039,128
-0.534311172,0.169849629,128
-1.005491989,-0.615002566,128
0.077916076,0.187983388,128
0.249521673,0.084229877,128
-1.383903756,1.239986691,128
0.349000251,-0.626181575,128
-0.749272607,0.336877323,128
-0.553748428,-1.020267837,128
-0.868834434,0.682986325,128
-0.630364662,0.819579509,128
-1.763301603,1.080930654,128
-0.269772063,-1.030946207,128
-0.025812267,-0.659274111,128
-1.031494164,-1.576960207,128
-1.024875585,-0.930151277,128
-0.94029866,0.274497003,128
-0.02102935,-1.817313751,128
-0.325759524,0.859769643,128
-0.714951324,0.384245147,128
-0.163850157,-0.521321825,128
-1.343855119,0.669597962,128
-0.594386517,-1.465521793,128
-0.470380732,-0.529003098,128
-0.036911394,-1.670974708,129
0.418455432,1.223251031,129
1.103322995,1.365062988,129
0.911182196,0.55421312,129
0.235263348,-0.055077811,129
-0.015819064,1.878404811,129
0.364225373,-0.031734506,129
0.936642363,0.675923536,129
0.954906827,0.937501554,129
1.769007842,2.239239246,129
1.131471827,-0.033078584,129
1.017530244,0.496167433,129
1.431539532,0.954408936,129
0.768349911,-1.190771442,129
0.077467891,-1.360999315,129
-0.491192992,1.113302252,129
1.321697097,0.241855152,129
0.578782378,1.28026396,129
-0.134921529,0.20215075,129
-0.505788171,0.650731988,129
2.546062721,1.107057946,129
-0.454689879,-0.250577063,129
0.368564574,0.674627507,129
0.559887217,0.160350865,129
1.932508537,2.331045196,129
0.093347573,-0.405514506,129
1.427537471,0.035161735,129
0.710754349,0.678627468,129
0.066773223,-0.501634941,129
-0.998442053,-1.608411143,129
0.352016242,-0.1364501,129
-1.120955241,-0.400099103,129
0.322621344,0.065910785,129
-0.51912782,0.311563985,129
0.291373574,-0.814883973,129
0.498893375,-0.11111307,129
0.090888721,1.668060674,129
0.358976493,-0.160967502,129
1.039114883,-0.209970766,129
-0.120847617,-1.197184551,129
-0.115306352,0.011460359,129
0.273255988,0.023721879,129
0.350052591,-0.15651217,129
-0.179258442,-0.186272876,129
-0.420906703,-0.409482241,129
0.120683859,-1.356194814,129
0.422260324,-0.055397493,129
0.407506447,0.22626927,129
0.762686936,0.358347078,129
0.064141644,0.839258704,129
0.208478073,0.551202514,130
0.741919814,2.159985753,130
-1.055988784,-1.956842298,130
-1.402444057,-1.582298499,130
0.137857668,0.463878951,130
-0.056501021,-1.319446681,130
-1.223522652,-0.571357674,130
0.250312184,-0.618628374,130
-1.010960142,-1.023012576,130
-0.735783721,-1.552692255,130
-0.491008294,0.114234167,130
-0.678628938,-1.624889988,130
-0.406251427,-0.558207197,130
-1.57050349,-0.217852816,130
0.039346663,1.824459631,130
-1.42290864,-0.518252242,130
-0.73242501,0.546015871,130
-0.733249165,-0.005606901,130
-1.198422721,-2.2296086,130
-0.60279708,-0.577064156,130
-0.358542285,-0.118155047,130
1.18773603,2.21136243,130
-0.291980681,-1.368984505,130
-0.587992265,0.409831624,130
-0.665686102,-0.362542712,130
0.083403378,1.331653975,130
-0.593848806,0.192102746,130
-0.355894594,0.397174924,130
0.5471138,0.366144636,130
-0.546675554,-0.944737636,130
-1.186514584,-0.405556956,130
-0.708047396,-0.470708664,130
-0.328900009,0.97143367,130
0.11948529,-0.099582827,130
0.010747621,-0.129939565,130
0.015016491,1.162867688,130
-0.159232197,0.758846421,130
-0.228071236,0.834990782,130
0.058093533,0.263191468,130
-0.166620049,-0.657954493,130
-0.152468861,-0.526540857,130
-0.917279907,1.220067677,130
0.043465867,1.119097086,130
0.016025522,1.363660753,130
-0.155555831,0.30665149,130
-0.156602866,0.096244525,130
-0.833140796,-1.253371458,130
0.639220237,0.044033838,130
1.16349657,0.595725553,130
-0.88125039,0.097851403,130
1.360966883,-0.194911892,131
2.07640671,0.91222999,131
2.134766369,-0.181572729,131
1.605691333,-0.937584561,131
1.93106159,0.38586372,131
2.127051038,0.415492363,131
1.534812464,-0.06463044,131
1.627801678,-1.415528068,131
1.181869857,1.114842428,131
1.9902884,0.541196933,131
2.045166257,-0.693907089,131
1.443486875,0.088068798,131
2.547746532,0.307279521,131
2.575733873,0.267769987,131
2.109596182,0.063052808,131
1.173463586,0.066202695,131
2.944991969,-0.297662737,131
2.185173706,-1.087313286,131
0.99310338,-1.642956655,131
0.906906411,-0.366640263,131
1.664521317,0.389959748,131
2.713070105,0.762649797,131
1.854279466,-0.985462869,131
1.939700729,-0.156361865,131
1.569477846,1.580312217,131
1.844642629,1.165919369,131
2.545478607,0.46411162,131
2.830148083,1.266447158,131
2.37887117,1.545627169,131
1.948672844,-0.755646751,131
2.309803486,0.339290761,131
1.127594986,0.773565699,131
1.774355356,0.339835745,131
2.723419409,-1.734675632,131
2.206873428,0.242333502,131
1.266154631,-0.321623841,131
1.863785565,-0.089963105,131
2.337806677,-0.364227494,131
2.089626279,-0.15919801,131
1.772734913,0.661152713,131
2.694990414,0.076853433,131
1.686338646,0.612731139,131
1.00897087,-1.172362181,131
1.342503286,-0.016462348,131
1.591040141,-1.170159862,131
2.823737616,-0.751792005,131
2.550861001,-0.227604827,131
2.090855353,-0.61979513,131
1.704435449,0.800241018,131
0.803672414,-0.519661662,131
-0.579121592,-0.207964476,132
0.426808264,0.145210581,132
0.337815335,-1.076844201,132
1.090220004,-0.129409698,132
0.438081066,0.077014836,132
1.798228995,0.955748596,132
0.293494365,-0.682419121,132
0.49873991,-0.542350253,132
-0.601172766,-0.948202801,132
-0.470341372,-1.337773309,132
0.535690976,-0.319593034,132
0.929987272,-0.288728633,132
-0.826271189,-1.742343378,132
2.031569528,1.607201981,132
0.309971749,-1.320925002,132
2.042899267,1.21597622,132
0.228158086,0.170985741,132
0.715039349,0.94365488,132
1.833222574,1.270167432,132
-0.987755358,-0.99082911,132
-0.123394406,0.179275419,132
1.069323127,-0.725863451,132
-1.490928823,-1.704325736,132
-0.306793697,-0.39023702,132
0.442544003,0.72043398,132
1.025753074,0.199849056,132
0.637526765,0.142769712,132
-0.069981137,-1.06908936,132
1.157645728,0.491674594,132
2.337677856,1.507513429,132
1.041271251,0.654294331,132
-0.79259782,-0.823171633,132
0.418245446,-0.897856676,132
1.931669821,-0.221670567,132
-1.366452272,-1.511642417,132
2.385312996,1.183914544,132
-0.386447183,-1.180534743,132
0.795497447,0.958292654,132
0.014536239,0.32069586,132
1.24714811,0.676715149,132
1.553395568,-0.255639711,132
-1.907214469,-1.496612437,132
-1.517340152,-1.658055449,132
-0.440884137,-0.847812606,132
0.976731865,0.564401004,132
0.178375706,-0.873951525,132
0.217138247,-0.304466938,132
0.7134486,0.336622836,132
1.177663211,1.380083015,132
0.521330961,-0.055168503,132
0.245357353,-1.182872032,133
0.621166715,0.311730979,133
0.534892094,-0.521495046,133
-0.816133407,0.033898933,133
-0.751953704,-0.965617883,133
-0.688844518,-0.731547586,133
0.310181757,-0.126629096,133
-1.217525493,-2.495163206,133
1.165963266,-1.329251528,133
0.343943559,-1.25570482,133
0.357253476,-0.764332195,133
0.612825327,-0.649526084,133
0.621703389,-0.307652813,133
0.562540236,-0.189074385,133
0.713291325,-0.487754999,133
0.28856638,-0.358992101,133
0.16393204,-0.2921469,133
0.895957328,0.970604156,133
0.072022778,-1.814111048,133
0.122541669,1.036498912,133
-0.734771815,-0.000601587,133
0.077931299,2.001469531,133
0.992325123,-0.739102753,133
0.049649018,-0.383759641,133
0.763844567,0.165884795,133
-0.384381664,1.006621764,133
-0.055257985,-0.158053581,133
-0.166330104,0.253036214,133
0.48410792,-0.050956505,133
1.273689922,-0.996802608,133
0.044933966,-0.131683511,133
0.032168615,0.069685007,133
-0.081864773,-0.824669963,133
-0.555176162,-0.86290127,133
0.397764648,-0.318446073,133
-0.185223973,-0.248091473,133
0.869217875,-0.739776476,133
1.552988887,-0.041383583,133
0.552837362,-1.58018536,133
-0.08604199,-1.324503854,133
-0.479412707,-0.204962052,133
0.61350531,0.300175577,133
0.475777306,-0.868511719,133
-0.132143897,-0.329427614,133
0.251466969,-0.36341698,133
0.468863389,1.51786371,133
0.617319907,0.221619111,133
0.51842347,-1.495879866,133
0.734488723,0.274742346,133
-0.071504734,0.508774173,133
0.1026026,-0.500769164,134
0.445145033,-0.937552638,134
0.705771247,-0.071099698,134
-0.482371312,0.22509399,134
-0.051523708,-1.436450541,134
0.324505865,0.512045547,134
0.148209554,-0.629963676,134
-1.760631321,-1.447930066,134
-0.141786872,-0.960005727,134
-0.255725647,-0.074588551,134
-1.255325528,0.2041879,134
-0.912515,1.901934024,134
-0.140180434,-0.061931483,134
-0.26753226,-0.323609204,134
-1.02442805,-1.296316769,134
-0.226304447,-0.363939192,134
-1.342467116,-1.502539521,134
-0.043958167,-1.636158343,134
-0.077257716,0.678234157,134
0.500417564,0.920783453,134
-0.102767346,0.116557454,134
0.085770281,0.316548935,134
0.467226346,0.38218876,134
-1.420378871,0.296847988,134
-1.256693652,0.456245996,134
-0.88308322,0.641627075,134
-0.15633477,-1.833402065,134
0.422680902,-0.014270179,134
-0.927780694,1.191208566,134
-0.532124042,0.471057315,134
0.575358011,-2.034619566,134
0.469715368,-1.570606999,134
-0.213244796,-0.306059953,134
-0.150636044,1.461100285,134
-0.883797039,-1.236897496,134
-0.143029671,-0.865322784,134
-0.072990237,1.51983967,134
-0.528161547,0.833557649,134
-1.836077401,0.721630658,134
-0.227217858,1.147149319,134
-0.513847961,-0.949394193,134
0.285273492,-0.951112627,134
0.117217706,-0.421417442,134
0.026493267,-0.608108599,134
0.20586353,0.203002734,134
-0.447520778,-0.138980502,134
0.135263539,0.027765272,134
-0.981310213,0.637620814,134
-0.510371508,-0.175706244,134
-1.131897743,-0.889438721,134
0.047225682,0.573861481,135
1.45584782,0.711584345,135
-0.348496949,-1.694056036,135
-0.145849978,0.994979009,135
0.855828321,1.266567136,135
0.851856853,0.36677164,135
-0.015893117,-1.634865994,135
0.022971732,-1.159585413,135
0.969238628,-0.731742697,135
0.897911557,0.868616771,135
0.678376999,-0.85200215,135
1.650185443,0.856388743,135
1.925802732,2.563118688,135
1.146452366,2.011873013,135
1.519809726,-1.660666967,135
0.50375349,0.419538754,135
1.087586983,-0.147397091,135
0.230812994,-0.56975904,135
-0.189911797,-0.048405491,135
1.225119338,0.942657006,135
1.40005952,-0.368590668,135
0.195493837,1.239548943,135
0.708308305,0.436298,135
0.461575042,-0.309638357,135
-0.800651844,-2.03524879,135
0.537760631,-0.524238949,135
1.180751454,-1.464438641,135
0.39232029,0.884619451,135
-0.490099025,1.304619769,135
1.005141648,-0.842183355,135
0.5905312,0.94339367,135
1.322846496,0.399860238,135
-0.469746211,-1.496988907,135
-0.1029506,-0.134352279,135
1.127325463,1.705163696,135
0.665100173,-0.684438885,135
1.434622581,0.040363287,135
1.331621061,-0.788780335,135
0.259623791,-0.768089885,135
0.754592871,-0.269772378,135
1.622565911,-1.371116251,135
0.309010954,1.715446915,135
0.80804023,0.143213124,135
1.093995421,1.466079665,135
1.247213724,-0.440925048,135
1.595837965,-0.288799252,135
0.709691834,0.314350931,135
0.176522708,-0.605413076,135
0.365037929,-1.680786225,135
0.169254454,0.367835849,135
-0.059448606,0.86769025,136
0.83755193,1.526729405,136
0.646789502,-0.878712477,136
0.215464264,1.213073342,136
0.13225287,0.3535976,136
0.312009936,-0.497999509,136
0.298906884,0.385802911,136
-0.067253254,-0.218213994,136
0.868708833,-0.732515895,136
-0.761137083,-0.952572065,136
0.298132053,0.246125699,136
0.684439905,-1.090811528,136
-0.292577064,-0.114891694,136
0.493915429,1.284256182,136
0.173453185,-0.960810082,136
-0.092709098,1.120901552,136
-0.351692267,-1.019025512,136
0.291225757,0.084257677,136
-0.376697508,-0.619006892,136
-0.524049682,-0.572001084,136
-0.068784392,-0.52611621,136
0.662868045,-1.544245034,136
0.734866175,-0.231870402,136
0.020060471,-1.788020835,136
-0.173438949,-0.147025872,136
0.670603466,0.584173697,136
-0.216066205,1.860965849,136
0.820103402,0.735095078,136
-0.081289199,1.00633786,136
0.012115921,1.383285957,136
-0.322398489,1.227824691,136
0.654468963,-0.792200173,136
0.008254926,0.12460055,136
-0.292656225,1.396699171,136
0.417187089,0.056818127,136
-0.060780424,0.674204238,136
-0.087747571,0.614416802,136
1.195684698,0.740412902,136
-0.289497661,1.491131486,136
0.393076724,-0.480091767,136
-1.128879099,0.790991066,136
-0.693083391,0.4758391,136
0.462391796,-0.085664287,136
1.621483747,-0.805758699,136
0.062807378,-0.915761219,136
-0.878361826,0.399791527,136
-0.396914753,-0.21013224,136
-0.834519249,-0.515359123,136
0.359071891,-0.529190719,136
-0.214367142,-0.017795222,136
-0.516100923,-0.245946948,137
0.516613452,-1.331980544,137
-0.226805084,0.197111162,137
1.031319358,0.765486424,137
1.620846924,0.699877891,137
0.219969554,-0.169220924,137
0.755383161,-1.144805374,137
0.625665059,-0.679237903,137
-0.153118674,-1.822247593,137
-0.086264822,-0.858530579,137
-0.360319182,-1.167448681,137
0.676001551,-0.093282975,137
0.537727288,0.437730445,137
1.078488349,0.827784934,137
-0.102773718,0.070218516,137
0.398563841,1.490152139,137
-1.456949893,-2.274890453,137
0.814878952,1.349008538,137
0.385785661,-0.824589583,137
0.337876742,0.566492439,137
-0.588232397,-0.864605042,137
1.284659061,-0.163436352,137
0.772113858,1.440418571,137
1.059558271,0.592651325,137
0.924798119,0.191050563,137
0.421254376,0.295793447,137
1.028522068,-0.854339028,137
0.177324913,-0.246841956,137
0.111114033,-1.438247259,137
0.655714909,0.860147059,137
-0.757705392,-0.571627105,137
-0.888483774,0.274491503,137
0.711253873,0.75398909,137
-0.798818129,0.375804512,137
-0.000275445,0.01790031,137
-0.045059759,-0.047110045,137
2.206296974,1.619997067,137
-1.928651509,-1.527700564,137
-0.058650221,0.369029914,137
-0.737109294,0.477415367,137
0.078655046,-1.038056695,137
0.108978699,-1.147335932,137
-0.138952697,-0.464844884,137
0.013241077,0.412353891,137
0.863558048,-0.008903709,137
0.349587567,-0.407498947,137
-0.148750883,-0.327452028,137
-0.030013191,-0.135791375,137
-0.42259484,0.08730014,137
-0.895188632,-0.955863184,137
0.386167928,-0.976396362,138
0.68024916,0.005772624,138
0.472925093,0.83175585,138
1.272743423,0.365564726,138
-0.490703357,-1.404525439,138
-0.469374954,-0.703392781,138
0.659725512,-0.101120747,138
2.131772907,0.629599889,138
0.148672899,0.070714639,138
2.043089211,0.939152475,138
1.539392153,-0.198424775,138
1.18650457,0.197131017,138
0.042937713,-0.729308859,138
1.435011212,0.030024515,138
0.599370789,1.242421743,138
0.13106435,-1.679847709,138
1.706428453,0.332923036,138
-0.763169313,-1.044753742,138
0.665566323,1.35923562,138
-0.677509966,-0.430233131,138
0.542530372,0.488425542,138
-0.37924622,0.317436444,138
-0.481069195,-0.735150086,138
-0.054700543,-0.130745433,138
-0.110480867,-2.0318656,138
-1.037611086,-0.89641482,138
-0.53706175,-2.484331395,138
-0.369045049,0.222619992,138
0.833213912,-0.035509865,138
0.821740626,0.786216346,138
-0.040758577,-1.031848971,138
0.071546852,-0.215541498,138
-0.571622994,-1.396654758,138
0.354212963,-0.651205058,138
-0.035837149,-0.800176333,138
0.043752623,0.951972558,138
1.836426242,0.959878387,138
1.055561425,0.493519014,138
-0.331139082,-0.379736439,138
2.010163024,2.046067651,138
-1.590857467,-2.251825629,138
-0.63278969,-0.129148334,138
0.327913437,-0.27787186,138
0.541049836,0.388267169,138
0.270574237,0.213270338,138
1.236442193,0.914662969,138
0.153635121,0.679939331,138
0.342000271,0.110611781,138
0.17273654,0.067686803,138
0.134418377,0.332928549,138
1.259259732,-0.478833037,139
0.693769111,1.77209091,139
0.691103053,-0.239250223,139
1.117456139,-0.131901812,139
0.678105551,-0.876663338,139
0.892264308,0.019789619,139
0.424673256,0.207590369,139
1.042902932,0.066477291,139
0.832463068,-0.445267619,139
-0.701678245,-2.226776332,139
0.553878578,-1.555710589,139
0.621072853,-0.128319223,139
1.2913502,0.695049441,139
1.024847572,1.251429649,139
1.608134912,-0.729670603,139
1.160721977,1.511636839,139
2.035435478,1.621489256,139
0.687541304,-0.873457712,139
1.105075289,0.803263194,139
0.154542658,-1.408961039,139
0.861294611,-0.370737366,139
0.758975913,-0.829278638,139
1.611505394,1.451978646,139
1.073077484,1.021510045,139
1.301636731,-0.37129104,139
0.605011315,-0.557770568,139
0.599653584,0.28759838,139
-0.075758788,-0.328059417,139
1.463803588,0.35449796,139
1.003380532,0.82245582,139
1.430018994,0.732142564,139
1.535243208,0.732838966,139
1.326717206,1.432489507,139
0.181711183,0.375699962,139
0.088148677,-0.296105103,139
0.861250104,0.29178559,139
0.087629547,-0.217533201,139
0.311621811,-1.126916827,139
0.922159777,0.253221436,139
1.575860153,0.066592965,139
0.961903557,0.105110692,139
0.559737362,0.396418624,139
0.493192191,-0.408930475,139
-0.383045005,-1.289923795,139
0.04330023,-0.264471281,139
1.227344744,1.523901823,139
0.650257289,1.231306687,139
0.397811911,-1.049072913,139
1.704483627,0.621054003,139
0.090249224,-1.212531745,139
0.412104465,-0.698651744,140
0.172324797,-0.665774368,140
-0.839981844,1.109958933,140
-1.192696711,1.039014028,140
-0.520058093,-0.409016794,140
0.52170898,-1.779002248,140
-1.488312237,1.872689132,140
-1.010381681,0.722807036,140
-1.022091902,0.151451782,140
-0.656075316,-0.420764841,140
-0.075592613,-0.864330193,140
0.272415588,-1.095172647,140
0.257048782,-1.485567581,140
-0.100426699,-0.925037945,140
-0.294647286,-0.304743827,140
-0.810625788,0.367124707,140
-1.341705798,1.080511721,140
0.279356266,-1.136941722,140
-1.170439447,0.504096363,140
-1.446342684,-0.389594554,140
0.403456193,-1.59611454,140
0.233529189,0.040460626,140
-2.236133209,1.195693985,140
-0.690899849,-0.170353069,140
0.036138423,0.129329801,140
-0.35761006,-0.190997434,140
-1.631958807,1.623324539,140
-1.149199099,0.053692173,140
-0.649275966,-0.07210079,140
-0.890452227,-0.03233211,140
0.611493308,-0.985861504,140
-0.375291341,-1.120764348,140
-0.35558133,0.528892933,140
-1.202437335,-0.220748035,140
-1.51314049,0.743372155,140
-1.079878505,1.754770809,140
1.496287666,-1.498568964,140
0.390798448,0.375426781,140
0.299337083,0.454892302,140
0.091775918,-0.616419507,140
-1.098702646,1.458344935,140
0.162095091,-0.569053583,140
-0.847638097,0.959921607,140
-2.10402628,1.725641138,140
-0.094225853,-1.067081655,140
-0.106073727,0.047381567,140
-0.248745338,-0.11538574,140
-0.017046317,-0.915687507,140
0.93088203,-1.282420892,140
0.331528625,-1.194005413,140
-1.104745792,-0.840323891,141
-2.084300159,0.873487735,141
-2.007040003,0.667197185,141
-1.698915471,-0.135086948,141
-1.674272374,0.583694014,141
-1.554548794,0.703086299,141
-0.175011728,-1.582952377,141
-1.179650931,-0.872789158,141
-1.027027327,0.030564137,141
-1.536414951,0.502134552,141
-1.584642895,-0.427376277,141
-2.60276506,0.461543876,141
-1.290137021,0.614049228,141
-1.941520044,1.59834051,141
-1.790140483,-0.687467837,141
-2.194013693,1.889177301,141
-1.349538067,-1.167624804,141
-2.014186207,-0.269920057,141
-1.23854792,-0.798232237,141
-2.659525719,-0.382323661,141
-2.479827609,0.662637586,141
-1.97238204,0.552396374,141
-1.564721305,0.814374177,141
-1.715764225,0.403385887,141
-1.476278049,-0.132925917,141
-1.511874625,0.533991843,141
-3.44651563,0.953211797,141
-1.324830405,-0.818451219,141
-1.48867207,-1.279436132,141
-1.997855992,0.233779559,141
-1.473397854,1.252990226,141
-2.994051057,1.827386261,141
-2.028990035,-0.387787754,141
-0.876620882,-0.841712765,141
-0.940536721,-1.204693947,141
-1.066563068,-0.680812801,141
-0.691785783,-2.030961436,141
-1.103134951,0.814271486,141
-2.436474814,-0.062730481,141
-1.234765361,-0.396709002,141
-1.188470036,0.014428887,141
-0.357529423,-1.493951807,141
-2.489064954,0.826865908,141
-1.051227255,0.481611061,141
-1.880652505,0.331647901,141
-1.333220076,-0.56562519,141
-0.788620568,0.03281059,141
-1.930582003,-1.105370323,141
-1.421575764,0.78607707,141
-2.413847877,0.294631694,141
0.761369643,0.436881653,142
0.678773847,1.40378714,142
-0.990406654,-0.474433241,142
0.388467031,-0.026618154,142
-0.371472909,0.940923442,142
1.086152674,1.300958944,142
0.942345464,0.980465292,142
-0.979019776,-0.266205314,142
0.413566043,1.008848864,142
-0.981884538,-0.5661575,142
-0.781285282,-0.292475577,142
1.167703665,0.564349713,142
-0.409579958,-1.124497347,142
-0.704113005,-0.448846121,142
-0.925851951,-0.61004834,142
0.251236911,0.137188365,142
1.495173102,0.816165085,142
-0.785779216,-0.191354946,142
-0.8312355,-0.560440891,142
1.132735599,1.218679696,142
1.0316807,1.712962673,142
-1.011925405,-0.567869886,142
-0.272254488,-0.318134328,142
-0.490727062,-1.340025039,142
0.276536057,0.22501638,142
1.511379688,1.085598709,142
0.008008129,-0.698256826,142
0.668651299,0.814999634,142
0.749815481,0.117344937,142
-1.146981251,-2.068967508,142
-1.300757692,-2.162564483,142
-0.879472532,-0.99624877,142
-0.843419245,0.792827577,142
0.000776065,-0.111859422,142
1.230003228,1.892870225,142
-1.110833895,-1.173368992,142
-1.573534124,-1.418829032,142
-0.145731091,0.838300952,142
0.312237501,0.894393891,142
0.148170639,0.592950289,142
-1.14165558,-0.660405087,142
-0.733932648,-1.246514255,142
0.516113549,0.5449126,142
0.005774436,-0.88309803,142
-0.350055147,-0.938098214,142
0.034137906,0.238954602,142
-0.153731898,-0.466379172,142
-0.669996029,-0.403060476,142
0.862880559,-0.555022494,142
1.080216994,0.890464845,142
0.241847453,-0.845243187,143
0.159515399,-1.305200017,143
1.264695097,1.215234163,143
2.733842798,0.676346106,143
1.46859976,0.407748244,143
0.014040175,-1.176274242,143
0.065481395,-1.865641608,143
2.208407636,0.526735373,143
0.914132247,-0.290171489,143
0.467598307,1.61868148,143
-0.688432841,-1.401759522,143
-0.252436308,-1.441329657,143
1.856654442,1.646646231,143
0.8905709,1.14462411,143
0.380544486,-0.395492706,143
0.961704328,-1.30215834,143
0.361264331,-1.212638899,143
0.818153063,1.234352716,143
0.798076677,0.568933659,143
1.412388191,1.041264833,143
2.214667274,0.769444433,143
1.055150209,0.111285912,143
0.224064591,0.899741607,143
1.949392765,1.090948335,143
1.870483836,0.562138061,143
0.959987981,0.141725381,143
2.476396789,1.957190411,143
1.791054897,1.196624358,143
0.385035622,-0.798845781,143
0.060783406,-1.567068943,143
1.103990205,0.055651705,143
0.80441215,-0.330176067,143
0.264851949,-0.205572172,143
1.137952478,-1.336681142,143
1.297643455,-0.491805754,143
0.359671855,-1.086365271,143
0.082794135,-1.614390614,143
1.008449648,-0.090850957,143
1.150219319,1.122739238,143
2.043704922,1.051115835,143
1.142416845,0.81783459,143
2.212401272,1.563536431,143
0.031970487,0.506761874,143
0.580476486,0.103997265,143
0.850278912,1.144736587,143
2.087900963,1.475961847,143
2.532367866,1.043176463,143
0.71004184,0.172125059,143
1.021864619,0.433494179,143
1.275353599,-0.012784908,143
0.027130581,-0.609978367,144
-0.904747748,1.055167465,144
-0.61118399,0.124892698,144
0.297973993,-0.647746619,144
-0.225515248,-0.481567673,144
-0.258448029,0.737536727,144
0.485188265,0.031827041,144
-1.004171119,-0.253898915,144
-1.146822389,2.333937504,144
0.302241941,-0.702356935,144
-0.269946035,-0.223890623,144
0.602196493,-0.527113579,144
-0.498056163,0.920099787,144
0.586938651,1.028978578,144
0.420548011,-0.049258435,144
0.488468299,0.728352734,144
0.475182298,-0.585094221,144
-1.175862329,0.724995009,144
0.113920985,0.2965873,144
1.115881892,-1.94254039,144
0.444944868,-1.274569647,144
0.114934022,-0.061727133,144
0.788414309,-1.040593888,144
0.455898859,-0.940666462,144
-0.328817376,-0.918889872,144
-0.153278858,-1.901851621,144
-0.540385962,0.415088048,144
-0.897044831,0.61127121,144
-0.280764598,-0.296568253,144
-0.306379601,-0.131978669,144
0.626064832,-1.656070218,144
1.177259432,-3.107736812,144
-0.513465196,-0.00527032,144
-0.219096662,0.176872392,144
0.415413392,-0.824059724,144
0.188390594,-0.374012532,144
-0.32273787,0.405663549,144
-0.559431491,1.065539108,144
-0.875625707,1.810628074,144
-0.712652326,0.965387374,144
-0.565382063,1.660780812,144
-0.495161879,0.025105839,144
0.392797378,-0.201123488,144
-0.186541275,-2.045070536,144
-0.087534428,0.556257394,144
-1.103650198,2.301225965,144
1.178566401,-0.818728704,144
0.030099954,-0.740112279,144
-0.438665264,0.874539816,144
-0.010832613,-0.465492778,144
0.079814768,-0.396442185,145
-0.398305101,0.275655695,145
0.300203658,-0.44946071,145
-0.50287442,1.247770023,145
-0.544822619,1.322719469,145
-0.771182357,0.888499762,145
-0.708603362,2.336426716,145
0.280898286,-0.727482911,145
-1.619088009,1.009957405,145
0.141074652,0.562382139,145
0.871039937,-1.415518957,145
-0.144832494,-0.641803934,145
-0.530622915,1.840300819,145
0.221161578,-0.310381119,145
-0.110637379,-1.45275442,145
-0.179139692,0.3682705,145
-0.252264054,1.305736342,145
0.494958647,0.986687195,145
-0.88367914,1.203972532,145
-0.430460165,-0.704158286,145
-1.247996635,0.853145807,145
0.352602287,1.083477975,145
0.088238191,0.318956377,145
0.222308499,-1.105201102,145
0.572169034,1.194494588,145
-0.4467846,0.643395439,145
0.09715381,1.042483742,145
0.054802204,0.207829482,145
0.182678613,1.215396086,145
0.062952677,-1.058033953,145
-0.97984103,0.880096178,145
0.220238331,-0.190299985,145
-0.250701856,0.955434959,145
-0.178326763,0.224692492,145
-0.51776711,-1.132630737,145
-0.153627153,0.765871524,145
-0.413443073,-0.108809323,145
-0.454149357,-0.021460838,145
0.020469477,-0.148954841,145
-0.091920493,0.643683565,145
-1.11002917,0.978249063,145
-0.07388356,0.682402427,145
-0.016195898,1.096738334,145
-1.436087104,0.809142462,145
0.246208559,-0.039190101,145
0.262482292,-0.248516247,145
-0.137533259,0.071252951,145
0.451797453,-1.455799155,145
-0.762709331,0.646142567,145
-0.583975464,0.321309537,145
-0.498196533,-0.748768181,146
-0.335424225,0.917019287,146
-0.667724174,0.560984996,146
-1.6009566,-0.708335308,146
0.468218581,2.828710001,146
-0.239428925,0.664797281,146
0.010082643,0.014250526,146
0.04575226,0.408046483,146
-0.339358456,-0.617388242,146
-0.397934348,-0.230350375,146
-0.852594672,-0.058325041,146
-0.684805449,0.942753406,146
-0.195242911,1.126717182,146
-1.604708782,-1.358401285,146
0.117662203,1.522420999,146
-0.714709006,-0.092781957,146
-0.256620047,0.039956249,146
-0.16920058,0.292631106,146
-1.812271887,0.554776974,146
-1.094720238,0.067234226,146
0.352984677,1.828207723,146
-0.128051718,1.169772229,146
-1.004218438,0.135736855,146
-0.667720241,-0.060654577,146
-1.109438523,-1.083359315,146
-0.03203856,0.229333653,146
-1.543997881,1.318820693,146
-0.585674915,1.006383364,146
0.218605774,-0.772506691,146
-0.372992581,0.678004874,146
-0.434323215,0.163051669,146
-0.324764305,-1.028819305,146
-0.433052382,-0.42754153,146
-1.010410558,0.783313501,146
-0.583456717,1.257394414,146
-0.022275411,1.133607042,146
-0.111288801,0.433227554,146
-0.21705195,-0.639334796,146
-0.109047834,1.047489766,146
-1.533877647,-1.71516412,146
-0.552612834,-1.213953042,146
-1.378776348,0.166686246,146
-0.59673631,-0.585038387,146
-1.404261169,-0.529056839,146
-1.241126748,0.597897367,146
0.774684966,1.969402509,146
-0.553147031,-1.156409828,146
0.040496791,0.582589123,146
0.098165493,1.445357566,146
-0.031238528,-0.8379034,146
1.018274341,-1.204678026,147
1.768939912,-0.823811519,147
1.417322153,-0.017617834,147
1.19536265,1.108362543,147
0.711319925,-0.414385875,147
1.438423945,1.871315171,147
2.286191186,1.626747957,147
1.264855255,-0.090284167,147
0.811170249,1.260911542,147
1.2498174,-0.612318425,147
1.163534412,-0.880943405,147
0.589732972,-0.022279596,147
0.281137411,-0.847614342,147
2.164740319,1.525207478,147
1.220376783,0.35636006,147
0.957499261,-0.569692101,147
0.381820974,-0.937175214,147
1.665691436,-0.155676484,147
0.889840732,-0.490337412,147
0.796368504,-3.485436883,147
1.523850929,1.576182555,147
1.590100724,-1.369691055,147
1.267263411,0.254401801,147
0.917842162,-0.896601905,147
0.994152362,-0.300658493,147
0.582507791,-0.905927465,147
0.575475524,0.691699025,147
1.093952639,1.318835923,147
0.645216013,0.112471453,147
1.446987646,0.305586188,147
1.947286171,-1.411440548,147
1.651481994,-1.291106463,147
-0.064992639,-0.841609988,147
1.18974106,0.175527264,147
1.708793351,0.036864781,147
1.861723874,0.908734688,147
0.721547967,0.065311948,147
1.346486539,-0.729744548,147
0.481343416,-0.71852121,147
0.730164812,-0.294682647,147
1.36398848,-0.727004251,147
1.348887002,0.91889678,147
0.73880813,-0.434750876,147
0.995465308,-0.145313466,147
1.593220033,0.064433205,147
1.091522074,-0.096124186,147
2.132515644,-0.570035289,147
1.746018799,0.155824323,147
0.329820102,-0.630430733,147
1.155299034,0.413870712,147
1.412548724,-1.552166388,148
-0.948552075,0.995713578,148
0.171418656,0.014551136,148
0.612635089,0.380008716,148
0.299579689,0.454932522,148
1.191975152,-1.26933311,148
0.55512745,-0.61064289,148
0.406372078,-0.624495291,148
-0.261414724,0.672255779,148
-0.615341495,-0.481060098,148
-0.256533251,-0.039748247,148
-0.717929072,-1.494562603,148
-0.561508106,1.486485223,148
-0.833694613,1.03678593,148
-0.632321276,-0.260791737,148
1.372460507,-2.372004771,148
1.630496264,-1.4902952,148
-0.037153112,-1.427428468,148
0.77987144,-0.52629454,148
-0.361955101,0.756582102,148
0.200183793,0.715453285,148
-0.610605915,-0.554362757,148
0.069538111,-1.253536911,148
0.895380064,-1.648834891,148
0.213803133,-1.03774102,148
-0.531392509,1.841346516,148
0.447557217,0.018404688,148
0.142568513,0.361800719,148
0.027705288,0.995939431,148
-0.787341706,0.794269779,148
0.548939414,-0.12291729,148
1.109951987,0.043162931,148
0.804226071,-0.975658584,148
0.761016018,-0.37304474,148
0.258361066,-0.707078498,148
-0.442977483,0.499908019,148
-0.00704957,-0.482279037,148
0.100943442,-0.122053887,148
0.548873421,-0.008576265,148
-0.440911313,0.505702232,148
-0.524300824,0.839083614,148
-0.929616334,-0.138172506,148
-1.062376412,1.813836323,148
-1.283594095,0.251491319,148
0.268534386,-1.329836584,148
-0.032911219,0.873907808,148
-0.313261466,-0.692879169,148
-0.135829765,-0.942607808,148
-1.346910731,1.45580159,148
0.658988252,-1.026972561,148
-0.571775332,0.446796781,149
0.246460656,0.330016819,149
0.655631238,-2.823444701,149
1.42240061,-0.389896262,149
0.217057196,-0.22365116,149
0.720934645,0.035459055,149
0.791727917,-0.629058593,149
1.058206719,-0.371864546,149
0.153503846,-1.199119711,149
0.394877787,-0.813871555,149
-0.511242181,-2.352368758,149
1.776821448,1.63395041,149
0.217250799,-1.120228424,149
0.730410222,0.10994427,149
1.090864941,-0.149930819,149
0.261150292,-0.254657938,149
0.129031201,0.064509735,149
0.42039167,-0.425031337,149
0.49210063,-0.882753401,149
0.512821823,0.183587995,149
0.696382672,1.548001546,149
-0.0214878,-1.030720606,149
1.027016725,1.197331261,149
-0.296969248,-0.263012764,149
-0.369248374,-1.594644366,149
-0.299295979,-0.010455987,149
1.498981253,1.950246522,149
0.426758964,-0.2957381,149
0.871877199,0.997156774,149
0.096609037,-0.858637549,149
0.486405441,-1.332861735,149
-0.610624596,-0.708961522,149
-0.433690261,-0.406231707,149
1.952492962,1.121902709,149
0.194259143,0.632120672,149
0.974159855,1.330177785,149
0.979188992,1.308642598,149
0.844851863,-0.14545759,149
0.468952955,0.667844509,149
0.164426735,0.44320003,149
0.776827513,0.036714473,149
1.073520797,0.25103792,149
0.237819614,-1.05197117,149
0.762528242,0.353871086,149
0.826539528,0.978934407,149
0.434959416,-0.084937001,149
0.462198177,0.596784986,149
0.107220365,0.431705762,149
0.408581686,-1.156682448,149
0.470864336,-0.920696581,149
-0.091356438,-0.073290702,150
-0.662121319,-0.9449748,150
-0.426060049,-0.622685608,150
-0.68396177,0.5173776,150
-0.452705162,-0.233602179,150
-0.055814526,0.452586952,150
-1.038844782,-0.372320478,150
-0.420677975,1.864025,150
-1.35539571,0.001320618,150
-0.168512485,1.357618973,150
-0.174170003,0.745974263,150
-0.074778728,-0.419948892,150
-0.809566335,0.085859875,150
-0.096618256,-2.170571788,150
-0.008599749,1.365185661,150
-0.564482909,0.346395851,150
0.083106182,1.104335956,150
-1.40080002,-0.749901573,150
-0.448685053,-1.142116013,150
-0.116485433,0.091862753,150
-0.771966613,0.233782559,150
-1.084899912,-1.069483161,150
-1.296790009,-1.295920669,150
-0.787827384,-0.546762138,150
0.936011287,0.450652468,150
-0.658696148,-0.043499586,150
-1.838563244,-1.832125953,150
-0.667717088,-1.941311393,150
-0.047276589,0.544385746,150
-1.178310364,0.057522008,150
-0.597389218,0.287070449,150
-0.689069546,0.790469868,150
0.588021693,0.831746314,150
-1.119635132,-0.088269657,150
-1.329333843,0.635390355,150
-1.176978815,0.439934645,150
-1.308189592,-0.801587351,150
-1.211847585,0.278697096,150
-0.294112879,-0.178635392,150
-1.335557415,-0.555568304,150
-0.078110442,0.685641323,150
-0.3530689,-0.674644821,150
0.06737962,2.228019801,150
-0.564328061,-0.359761754,150
-0.859126877,-1.107329702,150
-0.533454328,-0.125439228,150
-1.901891618,-0.263443268,150
-0.04441398,0.282510121,150
-0.396943119,0.387472193,150
-0.262888416,-0.442841166,150
0.269805707,1.598988899,151
-0.855283511,1.649801162,151
-0.743726922,1.907306669,151
-0.55610514,0.235510918,151
1.064879962,-0.732731762,151
1.295818766,-0.776947251,151
-0.058612582,0.967240208,151
-0.877260956,1.09977008,151
1.107241125,-0.703469043,151
-0.383605645,1.707259778,151
0.452821403,0.988088022,151
0.831827371,-1.470394851,151
-0.364248893,0.294334009,151
-0.55636714,-0.582593909,151
0.554753034,-1.279554968,151
-0.021024264,0.152665995,151
-0.416030318,-0.218296955,151
0.190935006,0.87761326,151
0.810457353,-1.439693783,151
-0.423870497,0.449631686,151
1.20471765,-1.309521946,151
-0.58417154,-0.744578789,151
1.335893007,-1.473709831,151
0.550516295,-0.60602798,151
0.391059883,0.11292291,151
0.441627874,-0.774258211,151
-0.164648847,-0.283838478,151
0.275641604,-0.272618848,151
-0.681541598,0.906658077,151
1.273984152,-0.919695838,151
0.151710925,0.153390322,151
-0.072320194,-0.222596907,151
-0.32639506,1.01579109,151
-0.029760876,0.105621326,151
0.352979436,-0.197186081,151
1.330193854,-2.633007186,151
-0.193941458,-0.731219025,151
-0.477632193,0.383805788,151
0.061382831,-1.093406757,151
0.209221806,-1.141731111,151
-0.884516338,1.279966297,151
-0.326660588,1.278726252,151
-0.640967107,0.990732347,151
-0.13059522,-0.402537739,151
0.534618584,-1.610588911,151
-0.669338406,-0.531735984,151
0.033265339,0.520360421,151
-1.282311374,-0.411142825,151
0.002663205,-0.394298972,151
0.314013569,-0.656209601,151
0.442175634,1.406071485,152
0.430502841,0.094560827,152
-0.15265719,-0.464213687,152
-0.857631007,0.169625993,152
-0.211992772,-0.775850978,152
0.196359827,0.358272428,152
0.519739165,0.964132228,152
-0.624629518,-0.01447555,152
-0.640850222,1.321683309,152
0.098708652,2.712931277,152
-0.487823107,1.098353583,152
-0.81577207,-0.504905723,152
-0.864666248,-1.078010355,152
-0.481269224,0.251967972,152
-0.182940961,-1.038902723,152
-1.113904185,-0.885385399,152
-0.710633151,-0.554402623,152
-0.919548468,0.070424071,152
0.538990651,-0.26115384,152
0.553515612,0.420457483,152
-0.808573804,0.154305456,152
0.059647178,1.184239404,152
0.313032913,0.403654759,152
0.287243945,2.300970235,152
-0.515407309,0.078527158,152
-0.385122793,-1.530343327,152
-0.535557251,0.122968948,152
0.404349036,-0.464516164,152
1.470594161,1.234942778,152
-1.03320911,0.053343758,152
-0.682228677,0.593243646,152
0.438285741,0.084917612,152
0.069167505,2.735412381,152
0.048809171,-1.688300329,152
-0.359399301,-1.400848116,152
0.061530983,1.400703916,152
-0.794211907,1.303160367,152
-0.791035216,0.593566223,152
-0.816917653,0.127434827,152
0.158220324,-0.287089004,152
-0.405844112,-0.312914024,152
-1.196351097,0.113970618,152
-0.768481104,-1.052028806,152
-0.947330785,0.451019816,152
0.179509943,-0.417066713,152
-1.013621209,0.076199547,152
-0.587148883,-0.007401665,152
-0.866239382,-0.078208593,152
0.396858604,1.966506047,152
-0.471767218,1.323277044,152
0.075062169,1.6582054,153
0.855958869,0.017590819,153
0.481798481,0.11733902,153
-0.42076956,1.889820181,153
-0.559525261,0.07833012,153
0.07927351,-0.506970928,153
-0.228880729,0.086926608,153
0.422440754,0.368941671,153
-1.802598051,-2.581835669,153
-2.006414025,-2.405765284,153
-0.572923241,0.255095936,153
0.298556305,1.013830103,153
-0.212939715,-0.958142983,153
-0.848791596,-1.604303021,153
-0.829728054,-1.786806786,153
0.515809029,-0.574732057,153
-0.161072911,0.835479789,153
-0.855114589,-0.01410935,153
1.154998613,0.021188884,153
-0.969291274,-1.153959289,153
0.676524446,1.509765842,153
-0.31023932,-0.387013261,153
0.028055783,-0.412532612,153
-0.561520642,-0.372476024,153
-0.818430856,-0.546006133,153
-0.660764366,1.362221238,153
0.58518346,0.372646968,153
-0.283341715,-0.161744218,153
1.434620383,0.377460568,153
-0.208117908,-0.512283885,153
-0.075489285,-0.673863509,153
-1.161142352,-0.732987439,153
0.079761254,1.123429536,153
-0.565610519,1.625353468,153
-0.61780077,-2.522590994,153
0.401007338,0.219800887,153
0.06485749,-1.32658368,153
-1.032540115,-0.645850233,153
0.683272795,0.012463243,153
-0.894669268,0.515076223,153
0.061355748,0.561918768,153
0.111871323,1.844270346,153
0.050201321,-0.955317149,153
-0.122758049,-0.635603842,153
-0.598041339,0.025045684,153
0.12979555,-1.490064777,153
-0.578679573,-1.743130979,153
-0.330210946,-0.810166663,153
-1.222212911,-0.590890426,153
-0.808935472,0.949835727,153
1.767420838,0.61399697,154
1.814518123,2.091170238,154
1.234160561,1.001283581,154
1.25519528,-0.052914208,154
1.239029696,0.493187986,154
-0.079130381,0.166210554,154
-1.34471921,-2.491330222,154
0.991563098,-0.651560449,154
-0.11188376,-0.503747131,154
0.61329012,1.207625348,154
0.778140476,1.298644696,154
0.142844428,-1.007432371,154
0.381042677,-0.867417067,154
1.398999296,-0.57721521,154
1.219645692,0.038118484,154
0.03026801,0.128653133,154
2.598598228,1.414195099,154
0.626824207,-1.008995501,154
0.551463924,-0.054115006,154
0.021148066,-1.708996207,154
0.031109354,-1.391697451,154
0.068222388,-0.658896613,154
0.393125644,-0.322435488,154
1.300678047,0.357118692,154
0.307077515,0.231602017,154
1.265184113,0.079561309,154
1.710101224,0.169927233,154
0.697924996,0.399058968,154
2.004150416,0.609071195,154
1.683096308,1.323688588,154
0.505974314,-0.900910803,154
-0.418018261,-1.328835113,154
-0.436730884,-1.445153694,154
0.70726692,-0.623803833,154
0.447827407,-0.564910084,154
0.288824202,0.871805091,154
0.336196267,0.167257504,154
1.437381768,0.375286343,154
0.159344268,-0.358199274,154
0.542153973,-0.161817486,154
0.833087992,0.700452136,154
-0.337473496,-1.4601593,154
0.221027707,-1.057627826,154
1.163188548,0.755898181,154
1.002857505,1.092910957,154
1.7262799,1.583116426,154
0.441675333,-0.141414943,154
0.596526752,0.721094513,154
0.078191912,-0.989167137,154
1.255760317,1.42405725,154
-0.986434979,0.68780044,155
1.105541589,0.203051482,155
0.549517803,-0.226928566,155
-0.189438128,0.167097833,155
1.721527898,-0.640338707,155
-0.713418187,0.99560748,155
0.106369879,0.214924624,155
0.32700492,0.878674184,155
0.543917351,-0.921102321,155
-0.196991774,-0.005862029,155
1.465030203,-0.921541167,155
-0.325028103,0.84788837,155
0.357571532,-0.478699332,155
-0.409655421,1.465002477,155
1.057797391,-1.757619156,155
-1.097829465,1.11493173,155
0.180943751,0.401758311,155
0.218141192,-0.10342838,155
-0.161747458,0.551652769,155
-0.796475798,1.398810747,155
-0.166779383,1.203549125,155
0.241196468,-0.110127402,155
0.930606886,-0.59267183,155
0.504247745,-0.244960389,155
-0.051672418,-0.336672874,155
1.311616263,-0.994263505,155
0.18170702,-0.406921141,155
0.174113789,-0.331812192,155
0.988434376,0.007895042,155
1.772590548,-1.321150973,155
-0.121891973,0.325840193,155
0.606777493,-0.158026416,155
0.621795351,0.425343172,155
-0.062944398,0.546192266,155
-0.853649652,1.458417708,155
0.735396401,-0.502977434,155
-0.503879256,0.551911613,155
-0.046258431,-0.77481851,155
-0.645349273,1.500317141,155
1.228987677,-1.783998757,155
0.092527437,0.483208553,155
0.244342697,0.109696026,155
-0.112631938,0.039013354,155
-0.50351229,-0.193084496,155
0.291942971,0.058715301,155
-1.947829147,0.962126533,155
-0.224966956,0.062011639,155
0.0102323,0.587321541,155
-0.204721588,-0.807196707,155
2.054760522,-1.926702885,155
0.767513308,-0.147984103,156
-2.139521385,2.455811473,156
-1.116260517,1.447839917,156
-1.067272719,1.386966851,156
-0.660891088,0.260265966,156
-1.675341718,2.534939452,156
-0.655547614,0.617593618,156
-0.451059817,0.451738084,156
-0.442729403,0.737312775,156
1.249676364,-0.918111,156
0.404666122,-1.338239728,156
-1.183574212,0.876101959,156
0.920521388,-1.27890542,156
-0.365270011,0.162213254,156
0.891238215,0.082102268,156
-0.539497193,0.141675859,156
-0.780781608,0.96773475,156
0.533612963,-1.000436664,156
0.497547001,-1.779188035,156
0.245701826,-0.23498886,156
-1.18968024,1.662163669,156
-0.629396433,0.597324468,156
0.12405017,-0.563221774,156
-2.175481786,1.525572498,156
0.048592207,-0.22156677,156
-0.369134714,-0.15452101,156
-0.335989893,-0.386942015,156
-1.236243342,0.843288987,156
0.222369129,-0.674550063,156
-1.318613504,1.026893169,156
-1.418080253,1.095964575,156
-0.23974603,0.11568215,156
-1.766251715,1.469247817,156
-1.9938118,0.704239452,156
-0.124165682,-0.513586899,156
0.224195676,0.458360608,156
1.068360818,-0.793180303,156
0.2557943,0.190225306,156
-0.501731932,-0.197210444,156
-0.057457091,-0.345424325,156
-0.484210366,1.098863298,156
-1.51383743,0.276744495,156
0.163302038,0.120666477,156
-1.102691035,2.073060531,156
-0.456376354,-1.240642883,156
0.981339374,-2.931772495,156
-0.758925914,0.380461068,156
0.162086207,-0.639912801,156
-0.723601359,0.737953601,156
-0.335525618,1.069069027,156
-0.558939648,-1.2730637,157
-0.921800783,-0.963852548,157
-0.086742354,1.037441138,157
-1.336851504,0.106534036,157
-0.625065327,-0.906542048,157
-0.562281442,-0.379588362,157
0.361421855,0.561152347,157
-0.06913895,-0.455642991,157
0.089308856,1.352646165,157
-0.768657221,-0.566338106,157
-1.206287629,-0.282477854,157
0.535343391,1.625513388,157
-1.187606455,-0.05015712,157
-1.110051984,0.41936883,157
0.606904811,-0.234431696,157
-0.511246397,0.297241338,157
0.008670218,0.897338842,157
-0.058506648,0.339504485,157
-0.419462408,0.178040057,157
-0.937387655,1.200978567,157
-0.398316732,0.130307425,157
-1.231981318,0.226050535,157
0.755955646,0.537022564,157
-1.493785759,-0.42946392,157
0.443119463,0.856891225,157
-1.55922189,-0.889373085,157
-0.330843046,0.537056066,157
-1.290228601,-0.947873392,157
-1.45977392,-1.400229019,157
-0.188934576,1.26544847,157
-0.437135668,0.024162019,157
-0.962118133,0.592346958,157
0.194788597,0.726992925,157
-0.67983115,-1.211818478,157
-1.019040612,-0.860852591,157
-0.795771856,-0.001273422,157
-1.157590904,-0.920842688,157
0.25767208,1.242507072,157
-1.026475876,0.650149893,157
0.261953953,0.136977618,157
-0.340312062,0.378515169,157
-0.610198145,-0.524571203,157
-0.960223317,-0.499409548,157
-1.491883197,-0.668178727,157
-0.256169759,-0.921691491,157
-0.076816439,0.921954882,157
-0.901424528,-1.106995895,157
-0.597049459,0.30440203,157
0.217228561,1.139345529,157
-1.830521482,0.124102343,157
-0.88182808,0.039770307,158
-1.274689498,0.922033591,158
-2.145037047,0.643018199,158
-0.142291702,0.145758076,158
0.125014207,-1.713344004,158
-2.488822564,1.556214645,158
-1.23056733,0.391830341,158
-1.804484931,0.428410406,158
-1.15304138,0.407897225,158
-2.241867488,2.168310479,158
-0.58313985,0.200326226,158
-0.316136963,-1.319237058,158
-2.332097125,2.055738979,158
-2.796036685,0.452280051,158
-1.813980837,0.869669096,158
-2.08581966,2.161671754,158
-1.619595771,0.882589232,158
-1.388476273,0.337765552,158
-0.283669908,-2.352666442,158
-1.668823684,0.819250889,158
-1.197627657,-0.268486945,158
-0.461296826,-0.655662679,158
-1.076854526,0.002218367,158
-0.460513599,-1.125670964,158
-1.226277477,-0.998588246,158
-1.143665448,-1.102552558,158
-0.744003564,0.018068398,158
-2.165499482,0.925297197,158
0.228046161,-1.302528032,158
-1.55443244,0.172546042,158
-0.695415541,-0.159098525,158
-2.196292433,1.007514895,158
-2.221032642,0.715340889,158
-0.55587516,-0.596406968,158
-1.675607478,1.349231994,158
-1.219782574,-1.920860482,158
-0.969577219,-0.003964737,158
-2.242099526,0.886849704,158
-1.22119312,-0.656293046,158
-1.735308528,1.395270317,158
-1.17416133,-0.187965443,158
-2.657128198,1.507959032,158
-1.522993359,0.578402632,158
-1.855704321,0.161933443,158
-1.47479241,-0.840322967,158
-0.584555349,-0.415807372,158
-0.84921411,0.456064782,158
-1.379548042,-0.164853558,158
-1.709778207,1.924769963,158
-0.341668335,-0.485946588,158
-1.490023806,0.815855524,159
-1.264051233,0.837987806,159
-1.340908524,0.702447558,159
-3.13662179,1.253594387,159
-3.407987185,1.727319075,159
1.37030394,-1.5485051,159
-1.346671106,0.822815615,159
-3.251307339,1.460298667,159
0.584936145,-1.204663318,159
-1.76757995,0.763770309,159
-0.723496942,-0.338679591,159
0.310019407,-0.589476958,159
-1.417884519,0.201390574,159
-0.271690953,0.038520734,159
-2.205588174,1.22167764,159
0.389998357,-1.200178658,159
0.139013066,-0.722775957,159
0.115627571,-0.820277295,159
1.142824913,-0.808596893,159
-0.341539709,-0.306497223,159
1.732242113,-1.983876963,159
-3.418110155,2.134142103,159
-1.40819063,0.605587737,159
-1.977602928,0.776881472,159
1.435573269,-1.489770602,159
0.338834762,-0.86184555,159
-0.030460103,-0.349405542,159
-2.911727542,1.403526118,159
-0.563517636,-0.989958864,159
-1.227015078,-0.119607609,159
-0.717416268,-0.020333115,159
0.577807092,-0.936139211,159
0.208703434,-1.061025425,159
-2.103689327,0.428751949,159
-1.399368189,1.089503044,159
0.808919763,-1.018195938,159
0.061310789,-0.099309438,159
-0.537893038,0.255555272,159
-2.551148324,1.191760378,159
-0.66671932,0.105152125,159
-1.377529782,0.342014617,159
-2.221263152,1.317306668,159
-0.822931074,-0.384920493,159
-0.455980791,-0.885102428,159
-1.448822153,1.035648278,159
-0.741062062,0.201189058,159
-0.642820059,-0.141119232,159
0.455949944,-1.393062403,159
-2.037543943,1.369532605,159
0.722447279,-0.861848163,159
-0.790354717,0.661963994,160
0.322378017,-0.572567897,160
-0.405516882,-0.011105456,160
0.550442831,-0.110100476,160
0.064781857,-0.203867877,160
1.205228765,0.96151787,160
0.357029262,-0.89254966,160
0.041924507,0.373982093,160
-0.4773338,1.376489148,160
0.171176178,0.232805759,160
0.548271731,-0.795438723,160
-0.005397406,-1.903011132,160
0.82271073,-1.741670412,160
0.728303935,-1.638993721,160
-0.586078496,0.196120153,160
0.53629864,0.534583136,160
-0.120087852,-2.166064201,160
-0.187395609,0.843004885,160
0.988566595,-2.766756844,160
-0.393675601,0.204017514,160
0.505941557,-1.517744825,160
-0.415407027,-0.267052102,160
0.792320109,-0.565014178,160
-0.82370034,0.687802647,160
-0.738223881,0.230550059,160
0.528587086,0.937968864,160
0.625418334,-0.965437492,160
-0.322590625,0.283095101,160
-0.178770666,1.59040528,160
-0.30514732,-1.471590878,160
0.524028537,-0.685152674,160
0.42810635,0.052897002,160
0.692268851,-1.478655787,160
0.494375516,-2.234957616,160
1.012281506,-1.279040987,160
-0.784652092,1.712265298,160
-0.078665782,0.875112742,160
-0.041906018,0.71484335,160
0.082254754,-0.059316276,160
0.757115419,0.188806403,160
-0.436035517,0.298048294,160
0.246064405,0.387730768,160
-0.454136403,-0.337617202,160
0.407118078,1.50122217,160
-0.115035966,1.946225807,160
0.181738954,0.282564757,160
-0.139844253,-0.00411382,160
-0.690808808,1.137664742,160
0.317567804,-1.25203818,160
-0.524169252,0.181198862,160
0.234110072,0.393917368,161
0.653245063,-0.741064879,161
-0.326242729,0.055932035,161
1.441262509,-1.859287015,161
-0.3810137,0.486394025,161
-1.059225623,0.392793131,161
-0.523190444,2.625192073,161
-1.330490017,1.131025297,161
0.941165251,-1.092137037,161
-0.68725602,0.447701746,161
0.207334002,-0.820933639,161
0.173214835,-0.594767182,161
0.974399134,-0.372410812,161
0.483915691,-0.582161282,161
-0.614030241,-0.043211608,161
-0.406623744,-0.695406868,161
0.838616108,-0.032780838,161
0.064768305,-1.323586276,161
0.053944925,1.56741551,161
-0.076304307,1.084443542,161
-0.883833875,0.669254952,161
0.015328446,-0.564276086,161
0.402201886,1.191402972,161
1.337794564,-2.635206901,161
-0.135805388,-1.546289938,161
0.527918797,0.643322572,161
1.614603245,-2.310329349,161
-0.186069247,-0.038572407,161
0.047713586,-0.82418415,161
0.862519062,-0.591163003,161
0.564213092,-0.522870169,161
0.390177174,0.518112912,161
1.143213885,0.024638933,161
0.487403826,0.810012209,161
-0.124040184,-0.238259154,161
-0.404915376,0.236175592,161
-0.252614077,0.042216047,161
0.01370237,-0.855837491,161
-1.175903145,0.435401539,161
-0.804481047,0.647026149,161
-1.467275438,-0.803860048,161
-0.21247513,0.993431893,161
-0.922877439,0.031123213,161
-0.223450281,1.138927394,161
0.996571419,-0.882664844,161
0.080447468,-0.133344765,161
-0.75114389,0.758221241,161
0.051122806,-1.628570979,161
-1.800725471,1.270881408,161
0.792237759,-1.51591582,161
0.747817707,1.589847232,162
0.62559057,-0.786600962,162
0.73867319,-1.048911016,162
0.539503304,-0.587497178,162
0.604506315,0.03688834,162
1.061774445,-0.557468684,162
0.625197527,-1.267369983,162
-0.238675482,0.275575881,162
0.624573946,-0.917271975,162
0.26797645,-0.697382447,162
0.880235033,0.139656808,162
0.974596214,-0.684897096,162
0.448061484,-0.840316709,162
1.473891489,-1.371432977,162
1.447014825,0.404035385,162
1.342119875,1.033296173,162
0.840504657,0.548096469,162
0.028395546,0.944900395,162
0.830899526,0.224340118,162
0.93989819,0.00873746,162
0.453565212,0.221922334,162
0.274862544,0.946189353,162
0.250628873,-0.680230346,162
0.402936904,0.849647186,162
0.626414903,0.467872018,162
-0.07436916,-1.025584507,162
0.75667784,-1.408191438,162
0.792043765,0.756360395,162
0.338908741,0.491844387,162
0.88912786,-0.186126902,162
0.438973819,-0.440253778,162
1.159126518,-0.18250908,162
1.644702973,-0.075365307,162
-0.094470271,-1.239149076,162
0.68607423,-0.672384124,162
0.649395235,-0.223628946,162
1.439668169,1.08054106,162
1.625134051,0.152122511,162
0.671894984,-1.027492483,162
0.802141953,-0.215631403,162
0.961020034,0.914615654,162
0.155864951,1.734090444,162
0.641053481,0.842896816,162
0.879877034,0.759658597,162
0.415410351,-0.224887297,162
0.078997914,-0.480737712,162
0.044251388,-0.731830529,162
1.848813044,0.054541549,162
0.703272707,0.873444733,162
0.084970679,0.165627645,162
-0.579169782,-2.1730374,163
1.142145694,0.005453161,163
-0.572967887,-0.661009059,163
-0.207050664,-1.727974197,163
0.443088697,1.34148144,163
-1.564115117,-0.559905282,163
0.490155239,-1.393395374,163
-0.647225892,-1.739101563,163
0.189947458,0.10475552,163
0.412469693,-0.805253563,163
-0.843725624,-0.480920173,163
-0.243244302,-1.342954154,163
-0.33142373,-0.716546708,163
0.317476592,1.039194147,163
-0.729985749,0.448154891,163
-0.562791351,-0.570010646,163
0.05971317,-0.280473595,163
-0.355645905,-0.54814958,163
-0.429689578,-0.51855905,163
-0.47075315,-1.386317991,163
-0.825740539,-0.336676471,163
-0.632379219,1.363967923,163
-0.6781758,-0.176831319,163
-0.853883821,1.369970387,163
-0.610698431,-0.4882193,163
0.208014184,1.225296033,163
0.017816622,3.218812799,163
-0.291567221,0.097719056,163
-1.010381098,-1.247802403,163
-0.439134229,-0.095215863,163
0.382794315,0.01195926,163
-1.057070579,-2.170032254,163
-0.870941177,-0.954380876,163
-0.577026767,1.294764228,163
0.267680165,-0.701717137,163
-0.677429138,-1.987228999,163
0.001999972,0.413835433,163
-0.173119841,0.792380893,163
-1.480748632,-0.801011634,163
0.717551981,-1.52640257,163
-0.011185395,0.051927045,163
1.54907996,2.493575416,163
0.870421488,0.579081845,163
0.13932208,-1.455095902,163
-1.298087149,-1.663182433,163
-0.049022394,0.220835418,163
0.125056702,1.698175287,163
-0.064611583,-1.303232706,163
0.358149109,0.761255986,163
-0.318944255,-0.279337812,163
-0.644468681,0.428131176,164
-1.287089901,0.057494619,164
0.023948589,-0.839432631,164
0.509111168,-1.816378109,164
-1.079182886,0.709095516,164
-2.564456748,1.513871465,164
-0.652010358,-0.544908944,164
-2.36472022,0.737917759,164
0.592564514,-1.050339448,164
-2.083190264,0.780099271,164
0.721438691,-1.234694093,164
0.379652419,-0.041821681,164
0.990638344,-1.546531439,164
-2.091973895,0.613589015,164
-1.666611366,0.888983219,164
-0.015593256,-0.952241033,164
-2.140155526,0.220483859,164
-0.785797005,-0.496146596,164
-1.756256577,0.77351063,164
-1.548018194,-0.293317726,164
-0.322252771,-0.427066014,164
-0.588565593,-0.978790749,164
-0.489893633,-0.315059906,164
-0.460618914,0.151533893,164
0.31290177,-0.409034907,164
-2.012759725,1.367946936,164
-1.319843769,0.818857528,164
-0.897448238,0.040275173,164
-2.979640498,2.079325664,164
-2.059746509,0.54056626,164
-1.006999914,0.852258462,164
-1.638955416,0.82748283,164
-1.354248714,0.656259461,164
-1.063037644,0.62356339,164
-2.432587522,1.278564416,164
0.016358254,-1.641213463,164
-2.730815687,1.334682168,164
1.05477028,-2.490669731,164
-0.571277367,-0.794502431,164
-0.824426142,-0.867711926,164
-2.315003423,0.513303103,164
-1.606607195,0.605726434,164
-1.147842606,0.002870557,164
-0.323795476,-1.113426166,164
-0.094613653,-1.105530644,164
-1.568599342,1.762688377,164
0.351848298,-1.15421366,164
-1.725740722,0.396580769,164
-2.637265251,2.563318972,164
-2.988292652,1.333449645,164
2.233432006,-0.71256609,165
-0.338102884,0.67516278,165
-0.175907499,0.834415798,165
-0.21817478,0.463433838,165
0.052715081,-0.450104738,165
0.10714543,0.09342917,165
-0.733605371,1.228252723,165
-0.696410685,0.172841428,165
0.699463424,-1.335949005,165
0.240458886,0.380838697,165
0.541079322,-1.007398883,165
0.40662528,-1.210768437,165
0.641422994,0.133459224,165
0.932990138,-0.764281781,165
0.116419615,-0.911493527,165
0.769357454,-1.015391376,165
-0.46895261,0.914029439,165
1.272622943,-0.19134549,165
0.27212382,-0.442981136,165
0.505017051,0.009928048,165
-0.919466986,1.392681287,165
0.315166532,-1.210973999,165
0.643626278,-0.002469025,165
0.94941473,-0.625571368,165
0.814280042,-1.14039721,165
1.082556504,-1.372844222,165
1.488557601,-0.797293875,165
1.186670616,-0.862552185,165
-0.469355945,0.528415958,165
0.816539413,-0.303627566,165
0.617317747,0.463590254,165
0.224747803,0.303177349,165
-0.452226638,0.465083482,165
-2.280247169,1.540731328,165
-0.588859427,0.082423152,165
-0.897963718,1.705758685,165
0.820997975,-0.72217001,165
0.922023351,-0.527689741,165
0.864236742,-0.576223365,165
0.023995605,-0.046097104,165
-0.553063074,0.679809862,165
0.531508838,-0.709429253,165
2.138584894,-1.269397946,165
-0.39358399,-0.001432364,165
0.150479692,0.264116977,165
0.055743631,0.313105088,165
-0.067472771,-0.721935938,165
1.840011744,-1.884547049,165
-0.432552807,-0.054947919,165
-1.406302891,0.645001466,165
-0.137880198,-0.835883259,166
-0.032587431,0.287950072,166
-0.327534,0.067463925,166
-1.188131165,-0.046685997,166
-0.14705956,1.866314942,166
-0.628735883,0.593484906,166
-1.074049014,-1.190168364,166
-0.219909671,-0.311528563,166
0.147657364,0.814343045,166
-0.597670945,-0.250842436,166
-0.087530348,-0.673932416,166
-1.464811697,1.992240833,166
-0.549958021,0.573986116,166
-0.452640246,-0.147118865,166
-0.927018162,0.341149003,166
-0.093209495,-1.76658687,166
0.133399404,-0.059106477,166
-0.387094723,-0.854660548,166
0.391454123,-1.187891126,166
-1.123496319,3.151847325,166
-0.494685407,-0.312980509,166
-0.499982895,0.855905474,166
0.090708457,-1.413720201,166
-0.787352719,-0.219421273,166
-0.788076705,0.373681747,166
-0.232440982,-1.118410723,166
-0.782525204,0.195941008,166
-0.348288304,-1.143809227,166
-0.21573927,-0.259380709,166
0.060776275,-1.185559747,166
0.195057528,-0.25419206,166
-0.442610048,-0.86587765,166
0.029035951,0.6748892,166
-0.79553799,0.959299946,166
0.704001991,-0.950402408,166
0.788520011,-0.906350088,166
0.334179108,1.639389357,166
-0.378863148,-0.156518791,166
-0.249804989,1.091304083,166
-0.135491829,-0.084365735,166
0.544579987,-0.964891377,166
-0.455470696,0.075273205,166
-0.269013701,-0.866891231,166
0.736045951,-1.454638326,166
-0.343973648,-0.801060147,166
-0.041169322,0.453474679,166
-1.700660837,0.278793218,166
0.288181373,1.539224972,166
0.578268653,0.255718093,166
-0.048992265,-0.466572195,166
0.777854467,-0.643956484,167
-0.206241498,-0.542068236,167
0.616093897,-0.198641133,167
1.233748676,0.940001922,167
1.972364336,1.302025128,167
1.842525247,0.493674167,167
1.569387444,2.165261303,167
0.428581031,0.490820915,167
1.814379503,0.439738809,167
0.529902705,0.192454756,167
0.02206393,1.768349432,167
0.778753736,1.310135236,167
0.779361346,-0.000568468,167
0.594459972,-0.06327875,167
1.511991431,0.466644672,167
0.592113984,-0.547450563,167
1.859323868,-0.009378656,167
0.720419456,0.180389903,167
1.002153842,-0.587852158,167
0.262229368,-1.564686262,167
0.867081308,-0.703631989,167
0.955512976,-0.262174441,167
0.591817627,1.15563972,167
0.472547742,0.232383511,167
1.185067902,-1.832974863,167
-0.336778575,-1.769927017,167
-0.144502118,-2.164233014,167
0.360936373,-0.47177123,167
0.393672704,-0.344380849,167
1.294123082,-0.560882832,167
0.280778286,-1.049997088,167
-0.684386173,-1.064211459,167
0.823854865,0.653853396,167
0.457075039,-0.913932961,167
0.536347507,0.17181158,167
-0.019908739,-1.347529338,167
0.896984741,-0.736770684,167
0.87637838,0.73728582,167
-0.033028195,-0.698178714,167
0.538063615,-0.099771061,167
2.310198043,1.170855353,167
-0.095070062,-0.226281559,167
1.282843946,0.696325823,167
1.185287095,0.858213436,167
1.169539388,1.708138935,167
0.295517402,-0.509634967,167
0.417062106,-1.15810705,167
0.144954106,-0.953621165,167
1.163691157,-0.919407745,167
0.836117069,1.373422421,167
1.635242228,0.388151377,168
1.608929227,0.277830474,168
1.608186069,-0.271483118,168
0.946425244,-0.146511546,168
2.318958011,-1.473675607,168
2.143637863,-0.709597821,168
1.46172342,0.59946488,168
0.907924327,0.188747859,168
0.507939826,0.265285657,168
2.036363723,-2.043042723,168
0.979362939,-1.340460193,168
0.67547578,2.63879217,168
1.681424374,0.605198651,168
-0.002037013,-0.063973513,168
1.664510363,-0.843402338,168
1.647122935,-0.927151417,168
2.011119689,0.25315971,168
1.563333507,-1.192304454,168
1.301309904,-0.024009588,168
1.909695259,0.109826954,168
1.40264281,-0.042496289,168
1.553209554,0.91216453,168
1.929722373,0.435043194,168
1.695440264,-0.469469457,168
1.396965732,0.384900708,168
1.323136464,-0.070655073,168
1.057693807,0.496488308,168
1.457764298,1.068587615,168
1.202154104,-0.253560125,168
0.668122054,0.487499251,168
0.661731511,0.779014887,168
1.617300265,-1.422593404,168
1.177357985,1.069434337,168
0.958564618,-0.08522064,168
1.884620733,-2.164872074,168
1.29909743,1.621328498,168
0.150134267,1.477831234,168
0.576359555,0.621472818,168
1.309170701,1.260546436,168
1.259593279,-0.091440135,168
1.403491159,0.131684749,168
0.68217789,0.209276827,168
1.16857822,0.484674867,168
1.020709719,-1.182054056,168
0.713068877,-0.650523883,168
1.607393193,-0.479742299,168
0.879617818,-1.015563197,168
2.421044527,-1.452772611,168
1.59476538,-0.95711449,168
0.873240712,0.953276338,168
0.639235759,1.079908211,169
-0.251114702,0.018782819,169
0.879500522,-0.17088184,169
0.275120985,-0.966436406,169
0.614213624,0.31921967,169
1.6015651,-0.438831688,169
0.043300841,1.826506164,169
1.419543256,-0.590085252,169
-1.008183291,-0.135081357,169
0.081474624,1.584827058,169
-0.299145968,-0.375378423,169
0.303995353,-0.765155406,169
0.904496445,0.849257411,169
0.746383947,1.345509715,169
-0.310219219,1.033340027,169
0.28486284,-1.161572617,169
-1.040400194,1.813438704,169
0.757045287,0.716358573,169
0.689539422,-0.031703245,169
1.34132288,-1.090389333,169
1.10992346,1.442786707,169
-0.613383033,1.355919785,169
-0.565328429,0.043960784,169
0.922821208,0.824753341,169
0.085758953,0.635599905,169
-1.035969536,2.349193489,169
0.527642218,0.047702711,169
1.518180485,-0.896886137,169
0.746925597,-2.43998514,169
0.568004585,-0.124985783,169
0.37644858,0.05016159,169
1.410856342,-0.755527689,169
0.896537148,-0.03684034,169
0.098763752,0.685420478,169
1.300454606,-1.680159911,169
0.552780681,0.035768349,169
-0.499472929,0.080248411,169
-0.086334681,0.967539742,169
-0.041566276,1.082185436,169
1.145335496,-1.027206754,169
-0.334488838,1.8312873,169
0.681457941,-0.408750524,169
1.467019082,-1.419115321,169
-0.36687923,1.80746345,169
-0.251589594,0.411586289,169
1.683302053,0.270769645,169
0.090351875,0.143860955,169
-0.667038086,1.402147481,169
0.559903422,-0.337519746,169
0.534039643,-2.185252811,169
-0.017257716,-0.422989514,170
-0.536161755,-1.24251361,170
0.175899099,1.456537446,170
-0.569310615,-0.387591108,170
-0.603540583,-0.409297112,170
0.528612754,-1.483087427,170
-0.475567381,-0.433200737,170
-0.566955786,0.975940029,170
0.250342122,-0.148878055,170
-0.546227073,1.572762446,170
-0.653474446,1.082198572,170
-0.344034897,0.0904412,170
1.731351428,-0.63881184,170
0.700009365,-1.055825645,170
-0.277670733,1.524649498,170
-1.010448539,-0.746227205,170
0.14353752,-2.116570098,170
-0.359738745,-0.374290522,170
0.542446511,-0.383460226,170
-1.409090477,1.092148841,170
-0.602965617,0.905037893,170
0.005292437,0.136736152,170
-1.904565124,1.46972688,170
1.551131679,-1.812976643,170
1.59342095,-1.997391098,170
-0.372712896,1.196460069,170
-0.267009567,0.99204508,170
0.979476485,-1.714169796,170
0.101195572,-0.843758407,170
-0.626438558,1.092381063,170
-0.256814995,0.888183008,170
-0.39619881,-0.509104018,170
0.337560613,0.891194144,170
-0.914789302,0.84186757,170
-0.778161011,-0.015621151,170
-1.359712865,0.350341972,170
-0.180201105,-0.30386728,170
-1.074019201,1.085073976,170
1.440751702,-1.551104794,170
-0.86204614,1.288748636,170
0.211247287,-0.525925192,170
-0.057875825,0.852346017,170
1.387298666,-1.784230517,170
-0.800514144,0.554773718,170
-0.159474243,0.083525522,170
-0.34447727,0.781765354,170
-0.659146011,1.33283429,170
0.450665555,-1.809926263,170
-0.539922089,-0.747668465,170
0.210169934,-0.38621206,170
1.586289899,-0.006041577,171
0.901320409,-0.572279136,171
2.059079339,1.714061268,171
0.494321298,-0.991759464,171
0.41800864,0.975332277,171
-0.386869035,-2.171793146,171
-0.218217668,-1.504570588,171
2.323543922,1.194847456,171
0.910733942,-0.96692689,171
-0.376593309,0.040770637,171
0.303412394,-0.227722406,171
0.286708568,-0.37202468,171
0.882391301,0.587997715,171
0.723726119,0.303437266,171
0.343494274,1.137687967,171
1.293673778,1.60642445,171
1.901837576,0.362048763,171
0.161969515,0.006402541,171
0.933774944,0.904832946,171
-0.651855008,-0.669627978,171
0.740113963,-1.673443512,171
-0.188771905,-1.683541104,171
0.506118124,-0.15437134,171
1.091395689,0.114104652,171
0.327658146,0.548694299,171
1.014293572,0.032619954,171
1.686752705,1.080535212,171
0.961609665,-0.336933103,171
0.302936353,0.043570343,171
1.015021351,-0.698356195,171
0.116039094,1.676064019,171
0.307506404,1.154442674,171
0.581305694,-0.551397158,171
-0.287461011,-0.629471855,171
0.014384626,0.135856579,171
1.237432904,0.885763678,171
0.487781495,0.651911749,171
1.354437456,0.289625586,171
1.104844092,1.196350255,171
1.465907749,1.012594705,171
0.424577394,-0.27340811,171
1.307852498,-0.492421025,171
0.963103427,-0.216897013,171
0.499764702,0.54691914,171
0.888315631,-0.299634072,171
0.523448638,0.505815352,171
1.816350107,1.631077514,171
-0.249393497,0.757102496,171
1.05646085,0.35528962,171
0.973704495,0.556288647,171
0.714666172,0.226526421,172
-0.942287497,-0.353980388,172
-2.031200638,-0.717603726,172
0.088421441,0.401970722,172
1.415022918,-0.213119001,172
-1.346989414,0.061165937,172
-1.030175807,-0.581568907,172
-2.341449037,-1.500403369,172
0.018500575,0.506089424,172
0.072296276,0.963249481,172
-1.681912025,-0.807454252,172
-0.429167898,0.57299843,172
-1.114968124,0.24991022,172
-2.068379745,-0.114450799,172
-1.339660765,0.250728729,172
-1.512361723,-1.107596825,172
-0.46577708,0.009110261,172
0.92355332,1.371623212,172
0.575292551,1.897842688,172
0.405104709,1.669017484,172
-0.050241533,-0.381213385,172
0.240547972,0.128671105,172
-0.251910589,0.452637429,172
0.465477131,1.637823273,172
-1.721736853,-0.846195379,172
-1.37311383,-1.076336761,172
-0.370733021,1.065991394,172
-2.383089029,-0.500648874,172
-0.645432776,0.386366192,172
-1.906117533,-0.120864001,172
-1.760553481,-0.905596989,172
0.063057851,0.736154591,172
0.463332064,0.286969638,172
-2.184680711,-1.204598056,172
-2.069916567,-1.138208487,172
0.723637729,0.828736947,172
-0.703056557,0.528571381,172
-0.713030028,-0.473194664,172
-0.588207294,0.595802872,172
-2.959136251,-1.187361209,172
-2.373621691,-1.369810592,172
-1.303377634,-0.400080441,172
-0.336688821,0.315137803,172
1.651005106,2.865832649,172
0.074214756,0.541830332,172
-1.126115422,-0.529116934,172
0.506504446,1.364020344,172
-0.925724964,0.527795969,172
-2.132542518,-1.010085186,172
0.00839042,1.60022896,172
0.522078477,1.511447546,173
1.202289346,0.761698223,173
-0.215087397,1.110379357,173
1.96973557,1.325281063,173
-0.807371426,-1.463907747,173
-0.116396915,-0.541957723,173
-0.649615316,-0.030897799,173
1.300477008,1.398253362,173
-0.246193075,-0.392185238,173
0.534852023,0.004770242,173
-0.769034755,-1.177231806,173
-0.170917708,0.263073085,173
0.299769038,-0.282216466,173
1.51825318,1.758197272,173
1.226577685,0.242201258,173
2.847206561,1.759572056,173
0.190448343,-0.194981871,173
0.69359134,0.725839323,173
0.334660064,0.251444889,173
-0.001033786,-0.09835389,173
1.326238032,1.055340836,173
0.883086301,0.221073781,173
-0.269491591,0.106822864,173
-0.728665488,-2.458483082,173
1.095320152,0.954568563,173
-0.996157154,-0.793729227,173
0.93359311,1.05211816,173
0.704760461,1.633016371,173
-0.03738954,-0.181428781,173
0.017971339,-0.130511997,173
0.011485592,-0.32915988,173
1.664002467,1.944221245,173
-0.017944562,0.328081988,173
-0.730492467,-0.66817915,173
-0.09804652,-0.917284276,173
0.019198407,-0.357270467,173
1.316869424,1.511222393,173
0.39994492,-1.13437191,173
-0.230647649,-0.7794775,173
0.273012913,0.070860024,173
1.031257915,1.245758883,173
0.012987055,0.162966582,173
-0.43796494,-0.674202932,173
-0.884305989,-0.467404038,173
0.333697975,0.714094548,173
0.058884266,-0.334961141,173
-1.106809716,-0.147575622,173
0.257693434,-0.139787744,173
0.557706924,0.184165004,173
0.00761089,0.703243619,173
1.932428054,2.107931126,174
0.745392679,-0.779457103,174
-1.152091797,-1.708847079,174
-0.631659106,0.671485078,174
-1.115158449,-1.330328697,174
0.691737956,1.5205659,174
0.327102497,0.008949645,174
-0.067231502,1.128766838,174
-0.34526713,0.644866046,174
0.762413724,-0.607133409,174
0.493190995,0.273989189,174
0.61084944,1.233453891,174
-0.187459452,-0.279244492,174
-0.108791614,-0.907874823,174
-0.739901103,-1.283917172,174
0.303617497,-0.847831718,174
0.591143267,0.948087021,174
-0.461167123,-0.211683064,174
-0.015431899,-0.209830924,174
0.381378199,1.227353475,174
0.422969975,0.681119415,174
0.583204136,-1.057572444,174
0.226678888,0.389341584,174
0.66921062,-0.191274417,174
1.057290212,0.840322991,174
0.84710234,2.105028978,174
1.398789755,0.207007705,174
0.545484935,0.036626201,174
0.018386662,-0.975542795,174
0.583584492,0.830597711,174
-0.64380467,-0.097233161,174
1.123253696,0.632327217,174
0.254571116,1.292612546,174
0.226946057,-0.337366517,174
-0.785627064,-0.296164389,174
0.097228558,1.431978176,174
-0.235492355,-0.985317759,174
0.520202759,0.14012899,174
-0.703095943,-0.719195366,174
-0.126327633,1.304338699,174
-0.973163618,-1.966956492,174
-1.050002106,0.10659341,174
-0.334701742,0.355177274,174
-0.020961588,-0.355446103,174
-0.071126024,-0.687802344,174
1.147843233,-0.615997532,174
0.630134583,0.526576031,174
0.116162838,-1.057422249,174
0.8727713,0.896848084,174
0.528785628,0.44934515,174
0.450260405,-0.255206889,175
-0.549395453,-0.30409458,175
0.646357809,-0.433126464,175
0.412275273,-0.235351063,175
0.400799446,0.052638427,175
0.608778548,-1.502638671,175
-0.974420924,1.288910378,175
-1.227617068,1.336085057,175
1.006713067,-0.610057293,175
0.647835474,-1.124698344,175
0.42230638,0.289578485,175
-2.116168252,2.8116648,175
0.768181971,-0.502753536,175
-1.114696904,0.763612859,175
0.586683924,-0.370189259,175
0.348562557,-0.872986196,175
1.309665075,-2.10298922,175
-0.126774779,0.588754379,175
-1.008459645,0.28844059,175
-0.041886448,-0.505254214,175
0.595747214,-0.339943583,175
0.810281398,-0.396460825,175
-0.322453493,-0.410111774,175
0.229849909,-0.652539083,175
0.442067316,-0.845119643,175
0.625320513,-0.963699379,175
0.542052666,-0.613522629,175
0.225476611,0.084459518,175
0.793992397,0.018624612,175
-0.473563818,0.887726152,175
-0.122811371,0.615345633,175
1.507072451,-1.977878794,175
0.186315068,0.697440437,175
-0.605987407,0.44226863,175
0.945756719,-0.708110486,175
1.089633991,-0.902402885,175
-0.258247063,0.366396467,175
0.886792017,-0.004549432,175
0.94718794,-1.596676126,175
0.2707326,-0.165163661,175
-0.689023473,0.375984517,175
-0.719580604,-0.368997227,175
-0.905407014,1.690677722,175
0.708310274,0.243680146,175
0.80021323,-0.790485902,175
0.683720211,0.559822783,175
0.214675813,-0.315407149,175
-0.011673492,1.02971986,175
-0.872596851,0.841295948,175
-0.424144422,-0.040171408,175
1.241089235,0.107400554,176
0.938064618,-0.068007859,176
1.829501726,0.718001716,176
1.439186197,-0.835684719,176
2.45343893,-0.413817321,176
0.857069887,-0.759362286,176
1.683226375,-1.040208422,176
0.260725856,1.16372955,176
2.511098872,-0.01228386,176
-0.19853075,0.248611739,176
1.968106027,0.466820529,176
1.524975712,-0.446131475,176
0.163881776,-0.23991882,176
0.60006789,-0.669111565,176
2.088374785,-1.019543493,176
0.943373976,1.04983641,176
1.423314975,-0.665901056,176
0.973100764,-0.447982716,176
0.968639804,-0.044469495,176
1.689013093,-1.606595401,176
1.193525368,0.820609334,176
2.238732767,-0.868457842,176
1.445986461,0.106531892,176
1.527824878,-0.038942801,176
0.629530469,1.130488292,176
1.613926568,-1.116544847,176
0.244628338,1.367543199,176
0.969867323,-0.18759242,176
1.012763545,0.92028479,176
0.45185238,-0.057239098,176
0.488226602,-0.208993471,176
1.285327783,-0.093890148,176
0.742467342,-1.270927744,176
0.734855067,1.295210426,176
1.219139541,-0.71263005,176
1.173406114,-1.158365895,176
1.078629279,1.068400531,176
-0.030282993,1.759819308,176
1.782734377,-0.341175207,176
0.54567834,-0.164772614,176
0.39777498,0.160597572,176
0.622500606,0.317328889,176
0.988475719,1.4570621,176
1.35636013,1.498580556,176
0.576898346,-0.537034124,176
1.443847354,-0.050991816,176
1.866313591,-0.736658388,176
0.799677193,1.101578107,176
1.177014605,0.52622562,176
1.805742639,-0.106761948,176
-1.488323142,-0.901819668,177
-0.754629532,-0.590081048,177
-1.106184512,1.14988235,177
-0.378519777,0.972018887,177
-1.004058992,-0.614685627,177
-1.574174718,0.135425421,177
-0.47054793,1.065406677,177
-1.409170401,0.514497559,177
-0.251514356,-0.454860042,177
0.396833878,0.029101179,177
-1.047508934,0.716795674,177
-1.004239512,-0.559541475,177
-2.040742656,-1.703911223,177
-0.247056061,1.742209276,177
-1.227563796,-0.182464134,177
0.655351448,1.542758414,177
-0.116513882,1.634836399,177
-0.633955294,-0.340417289,177
0.983678663,2.203032422,177
-1.530765862,-0.305296602,177
-1.419525366,-0.39847504,177
-1.600440588,-0.778257938,177
-0.6664512,0.352639997,177
-1.331305905,0.111736386,177
-1.083779738,-1.023900048,177
-0.738964462,1.075906028,177
-0.856211235,-0.798545102,177
-1.678623627,0.072883334,177
-0.383071845,1.662406402,177
-0.71950594,-0.708538642,177
-0.074163748,2.047605853,177
-1.682704415,-2.738346765,177
-0.575967563,-0.475027324,177
0.536508032,0.099682197,177
-0.179377439,-0.321969287,177
-0.011201429,1.136489934,177
-0.53593487,0.000124103,177
-0.957588637,0.064295599,177
-1.0131599,-0.781887598,177
-0.708634974,0.847476909,177
-0.805414606,0.145480389,177
0.132883898,0.656089062,177
-1.06552478,1.209347297,177
0.420000709,1.199988491,177
-0.362879052,0.604394575,177
-0.93584647,0.708753184,177
0.45382735,0.870856096,177
-1.555294829,1.682422694,177
-0.863279133,-0.014206272,177
-1.085629363,-0.002250615,177
0.206964958,1.259483241,178
-0.625541718,-1.691622381,178
-0.930117807,-1.389414038,178
0.30904136,1.16307985,178
-0.075226059,-0.297849194,178
-0.376190864,-0.156749716,178
-0.28274435,-0.849306077,178
0.248524491,-0.016097331,178
-0.149095813,-0.650323056,178
-0.324327985,-0.177845312,178
0.696959644,1.173883706,178
0.865340617,1.080165223,178
-0.282256256,-0.561632735,178
-0.812126227,-0.261903451,178
0.924956718,0.902704899,178
-0.859690366,-1.121004847,178
-1.066825173,-0.86525232,178
-0.098578346,0.496684218,178
-0.692233508,-1.449785333,178
-0.368864008,-0.028769133,178
0.975329292,-0.264071299,178
0.717596303,0.770633453,178
0.013046307,-0.383723753,178
0.718437491,-0.368123457,178
-1.631039633,-2.33529364,178
0.720558399,0.083825764,178
-0.401958295,0.030207354,178
1.511756745,1.541604352,178
0.086124652,0.461358269,178
0.666124503,0.245109912,178
0.210024212,-0.864178821,178
-0.136320366,-0.376767392,178
0.376509927,-0.474645882,178
-0.06107911,1.520547678,178
0.127565439,-0.348496263,178
-0.562040115,-0.766579761,178
-1.192162839,-1.51750937,178
0.270205678,0.742012991,178
-0.55629276,-0.319446352,178
0.216399499,0.028829903,178
-1.22020118,-2.265957702,178
0.353185794,0.874844545,178
0.222604169,-1.175333152,178
0.591623801,1.011379139,178
1.020733246,0.59710648,178
-0.076175143,0.357790032,178
0.42858579,-0.538439324,178
0.139778093,2.27990899,178
-0.510804164,-1.468866959,178
0.256237255,1.633124725,178
-0.123985339,0.306734081,179
-0.451039578,0.41624274,179
-0.805301387,-0.343997285,179
0.868798854,-0.281830623,179
0.047881367,-1.043134071,179
0.538784268,-0.199275035,179
0.995181636,-0.715549731,179
0.134942156,0.460518058,179
0.451840452,0.384382803,179
0.29513754,0.260306067,179
-0.904848093,-0.732349564,179
0.07008595,0.747172041,179
0.470013635,0.246211142,179
0.319071175,-0.779728582,179
-0.652099788,-1.257029171,179
-0.290161325,-1.645995381,179
0.784022047,0.014300815,179
0.720839806,1.02614257,179
0.074574755,0.123112589,179
1.677321375,1.583587849,179
0.485399444,0.174686693,179
0.718752941,0.910819892,179
0.742572538,-0.985794297,179
-0.015874772,1.303410713,179
-0.30311112,0.050231707,179
0.31603754,1.517063637,179
-0.184875756,-0.889893489,179
0.624559794,0.311641448,179
0.455476524,-0.604449175,179
-0.16761151,-1.392344202,179
0.252441899,-0.465027983,179
0.896505795,-0.307138339,179
0.762881702,-0.517183463,179
0.346039864,1.350719348,179
0.695945531,2.196837649,179
-0.764451871,0.531937588,179
2.000068342,-1.38822213,179
-0.256566935,1.217247148,179
-0.36844996,0.268584602,179
-0.067626984,-1.014968107,179
0.592711262,1.090185237,179
-0.265672724,1.387901354,179
0.805316826,0.71140544,179
0.348766685,-0.086575029,179
-0.684668611,-1.785705801,179
0.607249393,0.808294851,179
0.379315561,0.406158334,179
-0.04463651,-1.068165499,179
1.560510478,0.563838167,179
1.232137949,0.90370552,179
0.496156668,0.077625859,180
0.480432884,-0.203140798,180
-0.246201542,-0.685715378,180
-0.502099626,-1.482341739,180
-0.203644425,-0.864514717,180
0.152035939,-1.406018205,180
-0.792669211,-0.555811332,180
0.771539862,0.296896579,180
-1.238303748,-1.078996619,180
-0.744004069,2.605292136,180
-0.196885611,-1.516018125,180
-0.283657368,1.359258704,180
0.128014643,0.476685029,180
-0.384379169,-1.566069026,180
-0.480215457,-0.672918366,180
-1.05861109,0.30909112,180
-0.632724338,-0.116992806,180
-0.090598569,1.280322007,180
-0.48600016,-0.850296518,180
-0.311258665,0.10610862,180
0.210917537,-0.261170715,180
-0.527913732,-0.137414524,180
-0.001133109,-1.370072896,180
0.020249038,0.638783637,180
0.016179456,0.059469298,180
0.345385124,-0.662124955,180
0.485813469,-0.399571725,180
0.044429559,0.021158535,180
0.356410898,1.11158564,180
-0.351828251,-1.645966654,180
0.178724256,-0.004261605,180
-0.114420552,-0.692829276,180
-0.799150308,-0.056765357,180
-0.372323992,-1.627848298,180
-0.1726973,-1.572976137,180
0.294012532,0.384624765,180
0.109674644,-0.31312352,180
-0.445835523,1.462831732,180
0.037335765,-0.366456697,180
0.544834026,-0.515209451,180
0.533981259,0.853678971,180
-0.043715968,-0.278167379,180
0.813928753,-1.312676416,180
-0.224925483,-2.175838169,180
-0.198621209,0.160001274,180
0.878263818,1.448703691,180
0.507595223,-1.752351938,180
0.263820788,1.833080289,180
-0.226366508,0.975824007,180
-0.731586292,0.635445698,180
0.256754485,0.129697353,181
0.545686582,0.404526019,181
-0.011814314,1.222461056,181
-0.465776346,-0.382299947,181
-0.70930473,0.454944333,181
0.488037489,2.026481847,181
-0.181735019,0.119444337,181
-0.264493813,-1.264457248,181
-0.728826008,-1.121002096,181
1.205378006,1.422290351,181
-0.141334929,1.916934531,181
0.043108607,0.360638818,181
-0.462260377,1.73001922,181
-1.148254165,-0.201463675,181
0.17422371,-0.158475559,181
-0.592444213,-1.241125932,181
0.408229084,-0.128949862,181
-0.346475687,0.31865067,181
0.632599954,0.462684069,181
0.915271184,0.766156256,181
-0.140871454,0.868283515,181
-0.278194743,0.488194157,181
-0.814736833,-0.866548886,181
0.095773306,0.092917067,181
-0.417352819,-0.714212506,181
-0.722900531,0.180291823,181
0.356973666,1.151472351,181
-0.058731223,0.73042926,181
0.270537108,1.651502577,181
-0.007767325,-0.750224648,181
0.208890186,-0.024675774,181
0.264925761,-1.089494202,181
0.737465649,2.722298148,181
-0.561050283,-1.266835011,181
-0.874959066,-0.007650589,181
-0.154174609,-0.267189237,181
-0.268266355,-1.048110675,181
0.837394956,-0.158318053,181
0.30743638,-0.356176685,181
-0.101125807,-0.326684299,181
-0.460680548,-0.116270842,181
-0.495137308,-0.644056621,181
0.015513306,-1.228933382,181
0.569821167,0.84582804,181
-1.17723003,0.256610169,181
0.028874642,0.07237565,181
-0.999844087,-0.678416585,181
1.726791697,0.06369913,181
0.315046725,2.330792433,181
-0.085803261,-1.950265324,181
-0.023650304,-0.505753099,182
-0.176070902,-0.333880059,182
-1.063653768,2.096009064,182
0.351780371,0.509934561,182
1.299761792,-1.381695247,182
-0.26896314,1.171513539,182
-0.92642069,2.166415817,182
0.109605534,-1.217046394,182
-0.542040429,1.24910489,182
-0.8896112,1.291249558,182
0.891596012,-0.546952099,182
-0.875267989,0.746751659,182
-0.370111889,1.006853697,182
0.482237381,0.365830387,182
0.885537242,-1.710416156,182
-0.602470711,0.756579943,182
0.624419328,0.107306756,182
-0.976102272,0.508114597,182
-1.410394814,0.152194229,182
-0.697255847,0.936303374,182
0.808591297,-1.206716407,182
0.442798707,-0.178549541,182
0.13964185,0.25629529,182
-0.557446425,0.588719106,182
0.197722071,-0.098448062,182
0.230600336,-1.695141803,182
-1.107863816,0.884322299,182
-0.533172681,0.518119193,182
0.278664602,-1.033288575,182
1.165790603,-0.604964372,182
1.320950993,-0.590065915,182
-0.766984266,0.258176002,182
0.474348873,-0.163421931,182
1.049546587,-0.636717528,182
0.369281245,-1.787542725,182
0.235770134,-0.841447258,182
-0.562662637,1.502974504,182
0.227596369,-0.472534354,182
-0.556647753,-0.152637374,182
0.454231365,-1.606291643,182
-0.038516543,0.532318886,182
0.666652742,-0.465722995,182
2.034810474,-1.646814717,182
-0.118882146,0.259829167,182
-0.477282621,1.224970469,182
0.664594451,0.676559774,182
0.833829886,-0.589918643,182
0.685584395,0.459446985,182
0.592927328,-0.644611521,182
0.173924206,0.128427987,182
0.229850476,-0.507753128,183
1.039915817,-1.664810077,183
-0.117132874,1.733639338,183
1.188291082,-0.598119354,183
-0.688597144,-0.739852378,183
-0.092416796,0.058073822,183
-0.449822298,0.196575967,183
0.394526531,-0.313617908,183
-0.749790362,-0.998810766,183
-0.666452732,1.008495843,183
-0.074166385,-0.045274054,183
-0.023434687,0.750452038,183
-1.46174744,1.661739832,183
-1.530817264,0.612064289,183
-0.135494828,-0.616678974,183
-0.471621996,0.2523582,183
-1.122506566,-0.303087466,183
-0.700172425,0.821766346,183
0.53539371,0.836469778,183
-0.769799702,-0.191235511,183
-0.683861691,-0.541354301,183
1.136347061,-1.401515065,183
-0.766538379,-0.239102455,183
0.354932432,0.274895983,183
-1.561593742,0.427890397,183
-0.046012822,0.003294287,183
-0.56527522,1.614750662,183
-0.238766055,-0.561636941,183
-0.895962797,-0.073867289,183
0.573420599,-0.394137994,183
0.02309646,-1.450863557,183
-0.718979507,-0.186258845,183
-0.17952217,1.065839129,183
0.466212269,-0.868823494,183
-0.205541631,-0.123744393,183
-1.534479305,1.189969429,183
0.535721189,0.643943896,183
0.701992289,-2.203998169,183
0.280006198,-0.721405996,183
-0.225622904,-0.669756359,183
-0.423890051,2.867095596,183
-1.11013071,0.083962883,183
-0.573756227,1.437045966,183
-0.387778911,0.177526602,183
0.759234028,-0.124755758,183
-0.517641593,1.027278544,183
0.706263471,-0.998655825,183
0.178599873,0.21441421,183
-0.089546612,2.262403133,183
0.036878134,-0.449520634,183
-0.85991681,1.069716712,184
-0.818930162,-0.453643439,184
-0.251685095,-1.930296345,184
-0.667528272,1.047890026,184
-0.4925604,-2.305346592,184
-0.126270301,-0.073858814,184
-0.766145975,-0.903184827,184
-0.991419587,-1.044298753,184
-1.62306027,-1.136884186,184
-1.55239363,-1.31599851,184
-0.72076369,-1.679795102,184
-1.190710229,0.284381435,184
-1.071061809,-1.893482801,184
-0.615429074,-0.245301121,184
-1.510445532,-1.435583299,184
-0.666458413,1.66794264,184
-0.270860017,-0.279492497,184
-1.500190314,0.658716561,184
-0.737105487,-0.200697246,184
-1.190566588,-0.978938046,184
-0.813062713,-0.135108137,184
-1.584804564,-0.488709173,184
-1.549946961,0.633130727,184
-0.652877416,0.188124221,184
-1.639489852,-0.748907995,184
-0.80657133,0.345890814,184
-0.751805171,-1.801211339,184
-1.716572512,-1.911269145,184
-0.819621169,1.366791516,184
-1.209648385,1.729547167,184
0.005052139,-0.845258872,184
-0.459223389,0.35283362,184
-1.68420336,0.321058247,184
-1.7053726,0.573797672,184
-0.456297637,-2.562120938,184
-1.221114746,1.856838526,184
-1.100314629,-1.054612323,184
-0.99728824,-0.092958851,184
-1.831183466,-2.519972498,184
-0.254111387,-0.687299284,184
-0.213235436,-0.820782597,184
0.078991569,-1.721896589,184
0.012199876,-0.028628177,184
-1.063044605,0.899454635,184
-1.25894178,1.088237608,184
-0.289678045,2.007398701,184
-0.456169753,0.384565504,184
-1.213223779,-2.049589987,184
-1.051348665,1.674999718,184
-0.21825401,2.167505841,184
1.542686337,1.77995566,185
-0.296347117,-1.018246891,185
-0.041907314,0.150172913,185
-0.43115235,-1.508439604,185
0.128300033,0.266933014,185
0.564212295,0.480966108,185
0.887365935,1.189615623,185
0.158135441,-0.792993094,185
1.046391997,0.351890948,185
1.571472097,1.240658776,185
-0.611329002,-1.29296488,185
1.419323769,1.198226622,185
0.418670888,-0.672933066,185
0.275677512,-0.529283114,185
-0.08871012,-0.43551369,185
1.642240017,2.109839066,185
0.911292841,0.696679981,185
0.831399011,0.904010203,185
0.443860372,-0.018293225,185
0.734481342,1.743696727,185
-0.058647102,-1.240692111,185
0.762976765,0.515869086,185
-1.293273972,-3.393394455,185
0.176773776,-0.016538831,185
1.212794275,1.683432816,185
0.979859517,0.232868339,185
1.29226608,-0.300747953,185
1.132662751,0.201878342,185
1.076703209,0.814502252,185
0.144019311,-0.178418444,185
1.655933052,0.858133577,185
0.913813027,0.411753153,185
0.059022966,-0.830025819,185
1.366592945,-1.111535823,185
0.90434369,0.019291141,185
0.032779529,-0.686591492,185
0.599007685,-0.800879971,185
0.088362275,0.331305499,185
0.396972498,0.521955767,185
-0.480173086,-0.022708269,185
0.105317476,1.153577157,185
0.244075986,0.057100219,185
0.046734733,-0.50640507,185
1.347723322,0.890265834,185
1.952159974,0.649717447,185
0.231689322,0.492191879,185
0.421077529,-0.54709375,185
0.708208882,1.560511353,185
0.356824003,-0.849383725,185
0.558469997,0.490247236,185
-1.090937044,-0.297960769,186
1.240228258,-1.456414887,186
-0.484941022,-0.096566375,186
0.235423757,-0.875354042,186
0.200963219,0.801904018,186
1.193804996,-1.010868593,186
-0.330448947,0.701013044,186
-1.767739225,1.280502475,186
-0.414324509,-0.546770192,186
-1.496352672,0.227052073,186
-0.314836992,-0.417046965,186
-0.857731646,0.534818421,186
-0.954249842,0.521822909,186
-2.348500756,1.334300393,186
-1.672638736,0.553206714,186
-0.983754895,-0.459699643,186
-0.486334507,-0.163615548,186
0.435804199,-1.406736156,186
-1.246693435,0.688550232,186
-1.433574002,-0.081408477,186
0.900768201,-2.171733911,186
-0.143632599,-0.436662797,186
0.184754301,-0.610719004,186
-0.529413179,0.088998807,186
-0.784929843,-0.333001991,186
-2.007591386,0.772435833,186
-0.514083467,0.085216571,186
-2.063065219,0.343504725,186
-0.861706761,-0.499181168,186
0.898065178,-2.117769249,186
-1.054369825,0.35095793,186
-0.539662159,-0.026942841,186
0.283731539,-1.19023672,186
-0.538246495,-0.595186637,186
-1.558121359,0.62222459,186
-2.174764671,1.571138879,186
-0.392099742,-0.926414641,186
0.046204825,-1.147762715,186
-0.339086779,-0.591821226,186
-1.875945843,1.685983727,186
-0.090477327,-0.195157533,186
-1.442412152,1.897968797,186
-1.045135555,-0.139619919,186
-2.164684626,1.634221133,186
-1.690104714,0.786900767,186
-2.014911331,1.640684591,186
1.278691458,-1.884653141,186
-0.857783224,-0.016506603,186
-3.129795575,1.56067977,186
0.096134959,-1.37164386,186
-0.375835393,0.44729577,187
-1.084392029,1.860132828,187
-0.750641042,1.689729124,187
-0.861323403,0.133937381,187
-2.010912069,0.500674105,187
-1.522519939,0.637086803,187
-1.506092344,1.008278729,187
-0.373603815,-0.100361225,187
-1.163960985,0.021422895,187
-1.027793669,0.395551935,187
0.035451067,-1.156516004,187
-0.327745737,-0.984119041,187
0.434811805,-0.343557659,187
0.311952453,-0.430347063,187
0.007185546,0.128523961,187
-0.929226067,-0.812209961,187
-0.740879753,-1.04816614,187
-1.038101051,0.709019065,187
-0.903387888,-0.456336905,187
-1.966181143,2.072065458,187
-0.030711869,-0.393211507,187
-0.95479079,-0.655171608,187
-0.720620847,0.27249303,187
-2.296426603,0.629498163,187
-0.720825449,-0.330233713,187
-1.250975178,1.630216426,187
-0.269264553,0.352191172,187
0.263947766,-1.120752208,187
-0.754236304,1.690811186,187
-0.163873683,0.906155641,187
-1.607593435,1.333246127,187
-1.179336229,-0.517520207,187
-0.518419329,0.111503905,187
-1.377934205,-0.029538746,187
-1.227810613,2.312553885,187
-0.073154575,-0.193655669,187
-0.882581615,1.040209986,187
-0.690828177,0.446807863,187
-0.386253501,-0.051300333,187
-0.043381826,0.330616794,187
-1.321609618,2.023711377,187
-1.124616121,0.565440587,187
-1.223354149,0.897325131,187
0.331551155,-0.373822158,187
-0.769086604,0.004263985,187
-0.606598565,-0.592979367,187
-0.866246131,1.347219531,187
-0.486070766,0.703529208,187
-2.266194977,0.682907137,187
-1.315819485,0.510933566,187
-0.454524221,-0.488173883,188
0.414328185,2.591496848,188
0.043047165,1.210758069,188
1.098086876,0.54425947,188
0.668760546,0.872917522,188
0.427832491,0.605639172,188
-0.482611647,2.528259007,188
-0.544052878,0.298526016,188
-0.289083072,1.086355667,188
0.119238218,0.203615786,188
0.80308789,0.414419869,188
-0.103471151,0.265838429,188
-0.072690912,0.22521086,188
-0.135708721,-1.185575772,188
0.387369555,0.610324088,188
0.287213459,0.84310525,188
0.052733758,-2.152181737,188
0.239994687,0.87797614,188
-0.604200559,0.839301652,188
0.527592847,0.977426814,188
0.37408439,0.350470416,188
-0.067784396,2.391751892,188
1.072358465,-0.811774465,188
0.089857141,0.138963619,188
0.476293306,1.923551298,188
1.179812389,-0.404185171,188
-0.319118048,-0.112946341,188
0.286069346,-0.917718592,188
0.006698541,-0.3529605,188
0.538186177,-0.293109554,188
-0.855440827,0.673086206,188
0.48990694,1.909413856,188
0.797261867,-0.857010662,188
1.102590103,0.448599835,188
0.552720815,0.103801083,188
1.207262986,-0.265368513,188
-0.650211875,-1.179890515,188
-0.21280789,-1.113933041,188
0.742135574,0.213119255,188
0.106965399,-1.803360496,188
0.131409505,1.092341587,188
0.226014566,-0.180314045,188
0.980232827,0.936728382,188
0.832571501,0.398100121,188
1.109647271,-1.898561336,188
0.199285477,1.647413542,188
-0.278995252,-0.268781487,188
0.159513372,-0.866033096,188
-0.040032333,-0.741391022,188
-0.151080025,0.453671029,188
0.283942716,-0.64238774,189
0.046171305,0.827597969,189
-0.341427481,1.1375034,189
1.376029786,-0.789298409,189
0.268354549,0.768873228,189
1.331719385,-1.230478032,189
0.258779045,0.817466381,189
-0.340629345,-0.044544239,189
0.721277847,0.772949534,189
0.442184459,0.051329761,189
0.23860617,1.18966643,189
0.679463787,-0.399064276,189
0.471782368,0.546126247,189
0.417554666,0.038897675,189
-0.01623809,-1.070861303,189
0.622866223,-0.125700506,189
0.265828433,-0.065728514,189
0.734576357,0.256670851,189
0.951182421,0.007457688,189
0.674792544,-1.823502788,189
1.368417703,-0.977291243,189
0.835386873,0.880117952,189
0.582130053,0.108983535,189
1.355680264,1.227749511,189
0.762600185,-0.416852163,189
-0.180860519,-0.173422144,189
0.070452122,-0.810012635,189
0.942178861,-1.086797064,189
0.958910264,-0.916653472,189
0.565520987,-0.285071973,189
0.274096549,0.77827188,189
0.369576517,-1.95402057,189
0.444708242,-1.554342802,189
-0.580464565,1.22299723,189
-0.056809371,0.856845287,189
0.937139057,0.131724503,189
-0.296341326,0.025286713,189
0.301803288,-0.342436546,189
0.206336378,1.249055966,189
0.794332364,0.27501267,189
0.252252109,0.618824814,189
0.785219585,-1.637556436,189
0.995058084,-1.441636458,189
1.031530473,0.188395264,189
0.618698277,-0.848317069,189
-0.170270295,-0.629679326,189
-0.184315096,0.264272273,189
0.305361656,1.156295277,189
0.202376743,0.084108675,189
-0.370397619,-0.24281166,189
1.004073987,1.11894299,190
0.051609471,0.805372347,190
-0.342739667,-0.720617883,190
1.094029409,-1.145888323,190
0.533383703,0.503315621,190
0.811923232,-0.037528876,190
0.428490571,0.384857016,190
1.697087787,0.804567851,190
1.365123579,-0.264123579,190
1.662125588,0.825339279,190
1.083557039,-0.072586031,190
0.34076012,0.790736817,190
0.521203307,-0.306290203,190
1.262063499,-0.791001344,190
0.352703447,-1.009369847,190
0.742298378,1.11148219,190
1.217223284,-0.426092904,190
1.051547246,-1.013353813,190
0.058276888,0.788451839,190
0.161080145,0.306721124,190
0.895704788,0.101350554,190
0.719395614,-1.232312347,190
0.806863383,0.550876178,190
0.420735783,0.652798165,190
0.736581566,1.71921366,190
0.883548926,0.062224676,190
1.103081723,-1.370115846,190
0.003071857,-1.53298105,190
0.389352638,-0.190115334,190
0.198290507,0.101208295,190
0.09966082,-0.455092104,190
0.733159591,0.756195488,190
-0.066338161,-1.044634166,190
0.73818126,-0.924097659,190
0.077346398,-0.389711386,190
0.72586609,0.850809845,190
0.097640932,-1.835941376,190
0.486325063,-0.134994398,190
0.415785844,0.293482152,190
1.14609381,0.248859025,190
-0.286902753,0.106268528,190
0.498864842,-0.704422207,190
-0.132931207,-1.026212295,190
0.175643617,-1.137667967,190
0.372204765,-1.086339548,190
0.444063438,-1.69011411,190
0.306339048,-0.555054769,190
0.821879977,-1.002866009,190
0.508962741,0.651912817,190
0.946508788,0.01245327,190
0.28450323,1.886168105,191
0.184462225,-1.166787267,191
-0.288882884,-0.472587747,191
-0.514068475,-0.191793011,191
0.598982227,0.683263021,191
0.195792814,0.631481974,191
0.080446333,-1.173230297,191
-1.485127493,-0.32879595,191
-0.062393078,0.327781882,191
-0.408159363,-0.400870285,191
0.113559314,-0.163979522,191
0.229888219,0.501152336,191
-0.255337764,-0.679794716,191
-0.735080212,-1.704395957,191
-0.243587391,-1.109191395,191
0.889497276,1.878352835,191
0.35009023,0.804454865,191
-0.458977112,1.174474695,191
-0.158971416,-0.19093688,191
-0.146969963,-0.626884981,191
-0.251179561,-0.114570913,191
0.896328786,-0.317300357,191
0.463923446,-0.111745759,191
0.316418513,1.640048414,191
0.02133428,-1.640534258,191
1.554920621,1.32648004,191
-1.13212119,-1.240446653,191
-0.168153369,-0.637543448,191
-0.50057964,-0.343724238,191
-1.219325002,-0.850147381,191
0.146389151,-1.616601308,191
1.188770275,1.219936205,191
1.261729226,1.831696239,191
0.155778475,0.096694142,191
-0.640779185,0.355024036,191
0.183401168,0.48476079,191
-0.366881099,-1.956384709,191
0.801791501,0.669101184,191
-0.809032096,-1.038730516,191
0.756115327,-3.49E-05,191
-0.264506606,0.48614429,191
0.926694474,0.701552603,191
-0.182893197,-1.029093354,191
0.987511334,2.331929514,191
0.555823325,-0.562248802,191
0.674521902,-0.30256973,191
-0.71054976,-0.495200923,191
0.434484592,-0.462331716,191
-0.456341431,-1.689125685,191
-0.093282182,1.461983885,191
0.394289006,0.576387385,192
0.439292205,0.214256209,192
0.163869365,-0.050886621,192
0.568853366,1.023998509,192
-1.107192351,-1.425177356,192
0.800429774,0.42497519,192
0.734797998,0.094848433,192
0.536564898,-0.122559425,192
1.373679577,0.755426424,192
1.221926431,0.556602971,192
0.15787489,-0.14310697,192
0.710286257,0.936614916,192
0.558926287,-1.791878883,192
-0.245987365,-0.169158967,192
-0.396357717,-1.376714251,192
0.602976916,0.736563383,192
1.014662734,0.188653033,192
2.327813793,2.166923674,192
0.366781316,0.386527985,192
0.063534156,0.197871963,192
1.258128554,0.422970925,192
0.232860141,-1.7628461,192
0.048183426,-0.698350139,192
-0.122563082,-0.693745208,192
2.04276335,2.246139345,192
0.12976628,0.456759433,192
-0.454325781,-1.056283062,192
1.109039483,1.025198429,192
0.082651421,-1.271423914,192
-0.794618536,0.567580248,192
-0.602113298,-1.252586746,192
-0.173661509,0.071597623,192
-1.851149355,-1.55033235,192
0.461911654,0.517140749,192
-0.153964987,-1.428026482,192
0.936776223,1.271938597,192
0.762229238,0.067688955,192
0.389799588,0.540652493,192
0.77041326,0.452453915,192
1.596518105,0.618365811,192
0.373245992,-0.873610303,192
0.084388452,-0.120801411,192
-0.723703379,-1.525084918,192
1.554067831,0.64065255,192
0.529217758,-0.400527772,192
0.764535194,0.628750406,192
-0.618379626,-1.395517231,192
0.127386653,-0.466417521,192
0.245382743,-0.048242865,192
-1.278888098,-1.615612512,192
-0.640688453,-1.106959511,193
-0.931833584,-0.976921529,193
-0.648051745,-0.490480195,193
-0.508788228,1.219930164,193
-0.236894546,-0.780559368,193
-0.472462515,0.879634321,193
0.646629792,1.169250552,193
-0.911362144,-1.41420317,193
-0.2440939,1.139572655,193
-0.936471882,-1.023603938,193
0.141146553,-0.924388474,193
-0.697030005,-0.53288106,193
-0.525939409,-0.956903305,193
-0.863487015,0.006530689,193
-0.841652108,-0.78456845,193
-0.317128755,0.963950036,193
0.125385122,0.390734203,193
0.773717443,0.068361251,193
-0.728649885,-0.236537417,193
-1.260174514,-1.376099764,193
-1.485573468,0.196414664,193
0.420687412,0.569636863,193
0.864052312,0.143313055,193
0.968935144,3.395601879,193
-0.96291083,0.421157355,193
-0.664975873,-0.305682691,193
0.403638871,0.495953673,193
-1.172355279,-0.4751105,193
-2.229288913,-1.37517565,193
-0.461479396,0.674669678,193
-0.447173838,0.51035352,193
0.159553824,-0.200137675,193
0.265209938,-0.513310351,193
-0.023696808,-0.709950053,193
-0.244813771,0.042882749,193
0.2927636,0.780069845,193
-0.022441688,-1.907445864,193
0.927370111,1.27559365,193
-1.086238567,-0.238380752,193
-1.536760944,0.700584482,193
-0.681421693,0.776122358,193
0.092733911,0.428068521,193
-0.194294395,-1.279568898,193
-0.295157746,-0.448230751,193
-0.283538442,1.640905832,193
0.104107248,0.056117515,193
-1.086110762,0.094459663,193
-0.547413885,-0.283475573,193
0.194575912,0.029278501,193
-0.76142944,-0.396580883,193
-0.046190993,-1.639252182,194
-1.027237442,1.47475133,194
0.358795984,-2.620685597,194
0.180742947,0.165102715,194
0.648694666,0.450387763,194
-0.048552577,0.630599033,194
-0.395301396,0.149716384,194
-0.477787806,-0.081379319,194
-0.604051282,-0.716121895,194
-0.160724452,0.196842459,194
-0.714722411,1.256445679,194
0.623631663,-0.361157946,194
1.33250916,-1.47223522,194
-0.295793626,-0.640974686,194
-0.406170024,-0.445231346,194
-0.311374567,0.708077384,194
0.582688712,-0.49007215,194
0.85541967,-0.047162337,194
-0.235020262,0.575994205,194
-0.739700906,-0.301135481,194
-0.551704606,1.191242039,194
0.65484007,0.014354127,194
-1.483407955,2.30231874,194
-0.145913077,0.471588646,194
0.270199553,0.125067652,194
-0.053399695,0.447693722,194
0.234253101,-0.828655829,194
-0.631601372,0.903761781,194
0.71265947,-1.7092536,194
-0.28359595,0.99005431,194
0.564302936,-0.230747382,194
-0.210403486,0.23567404,194
-0.348262504,-0.710380549,194
0.314819662,-0.626507974,194
0.900333023,-0.796153109,194
0.049318991,0.795126064,194
-1.496170806,0.897788228,194
0.804058823,-2.894665311,194
0.072744879,-0.208419956,194
0.282289449,1.464802187,194
0.119622661,0.709831544,194
0.036000366,-1.378638019,194
1.092593397,-0.049569433,194
0.266441733,-0.440423375,194
-0.348895694,-0.063786111,194
0.443193969,-0.199524695,194
0.373616045,0.479372404,194
-0.530029176,0.213753642,194
0.053819644,0.907255481,194
-1.208276712,1.281356139,194
0.179149556,3.086850578,195
0.290676928,-0.612258135,195
0.542940008,0.648641944,195
1.548823057,0.860280301,195
0.519538463,-1.129989359,195
0.433565956,1.838903911,195
0.557193405,0.485748216,195
-0.268301976,1.327869992,195
0.198125522,-0.322377308,195
-0.153050708,-0.10964231,195
0.260190275,1.008861768,195
0.621883855,-1.300928955,195
0.482438564,-1.494598008,195
0.178306992,-1.26006213,195
0.266584789,-0.196807726,195
0.805209739,1.355764015,195
-0.114211652,0.71762685,195
-0.145489987,-0.477932557,195
-0.169708056,0.196198815,195
0.168110357,-0.356665602,195
0.535019603,0.319721822,195
-0.41696296,-0.043695435,195
0.435527929,-0.82584607,195
0.689691974,-2.297291269,195
0.033439588,-1.527650001,195
0.368117991,-0.250365152,195
0.198270304,-1.133040531,195
-0.208885294,-0.680704176,195
1.371386111,0.148249976,195
0.40011135,-0.498084065,195
0.017714775,-1.087718581,195
-0.366060305,0.038176904,195
1.044265221,1.788520283,195
0.021886743,-0.009876933,195
0.258507189,0.457572651,195
0.871194472,0.373438336,195
-0.165332241,0.455586403,195
-0.113298939,-0.269525772,195
-0.124021041,0.806512628,195
0.47381602,-0.401783935,195
-0.722296932,-0.440846158,195
0.307139823,1.611702208,195
0.559883847,0.600430009,195
-0.270327566,-0.515944597,195
1.530513212,-1.374554964,195
1.026268898,-0.523632964,195
-0.910496396,-0.520963608,195
0.790914545,-0.983261292,195
-0.699739101,-0.235306454,195
-0.342771148,0.357655375,195
-0.641066231,-0.126965648,196
-0.128740898,-0.454587568,196
-0.173532411,0.567812202,196
-0.72842009,-0.92431797,196
0.834827344,0.871561378,196
0.446102006,2.168730475,196
0.113971037,0.516516178,196
-0.198353414,0.004652712,196
-1.239896386,-0.307335601,196
0.671587931,-0.510794701,196
-0.794534208,0.4575889,196
0.275097421,0.006263124,196
-0.366419174,-0.68644034,196
1.107837483,1.436035047,196
0.1020091,-0.312539173,196
-0.329766319,-0.940769412,196
0.287883668,1.072913986,196
0.448015943,2.226283826,196
-0.349409,0.301777875,196
-0.051117985,-0.143964581,196
1.400184047,1.88341726,196
-0.826172136,-0.185237492,196
-0.17805159,-0.452184929,196
-0.041226197,0.650986758,196
-1.066931771,-1.968228143,196
0.509339549,-0.584604643,196
-0.176782052,-0.021362789,196
-0.107912784,0.585435219,196
-0.917158172,-1.312988991,196
0.316269518,0.892557517,196
-0.287118405,0.269482395,196
1.054295693,1.625058858,196
0.608308403,0.109289856,196
0.800290501,0.528365776,196
-0.066016143,0.579536488,196
-0.760442799,-0.94531199,196
0.08562486,-1.724460428,196
0.018716113,-0.545167492,196
-0.272347167,1.028395545,196
-1.362325587,0.14057115,196
1.297461627,1.295348956,196
-0.176726479,-0.987090223,196
-0.278670588,-0.067889717,196
0.201602768,0.290537858,196
-0.116423115,-0.31933103,196
0.609987924,-0.428249603,196
-0.16764254,-0.416424692,196
0.608249659,2.224452637,196
0.226233894,1.409904621,196
0.60451664,-0.444409817,196
1.706656508,-2.095031733,197
-0.096840475,-1.425812861,197
-0.549886746,0.007656151,197
0.111719407,0.247329451,197
-0.090475481,0.659915111,197
0.441240059,-1.143756264,197
-0.443387161,0.515414317,197
-0.519382291,-0.010597265,197
-0.040998393,-0.048943406,197
-0.670390159,-0.105394065,197
-0.545966977,1.6297564,197
2.138067174,-2.60172629,197
-1.150400782,1.28319945,197
0.006597315,0.470073168,197
-0.118809372,-0.735385519,197
0.207829216,-0.37982084,197
-1.595423703,0.545954217,197
1.09763274,-0.126764107,197
-0.11226699,0.000282594,197
-2.361152657,1.212209069,197
0.018604923,-0.579960318,197
-0.638707617,0.379999738,197
-0.273350049,-0.053387743,197
-0.069301484,-0.808757406,197
-0.971273718,0.952934887,197
1.434380593,-0.636359463,197
-0.155571266,-0.621004288,197
0.455593776,-0.937476835,197
0.542319804,-0.293239345,197
-0.458973567,-0.429855284,197
-0.428740945,0.226161333,197
-1.090554007,0.633397889,197
-0.402814015,0.601158547,197
1.00725311,-1.261342976,197
-1.089651374,1.236170545,197
0.649860251,-1.149804448,197
-0.980652077,0.795419793,197
0.111649033,-0.911716631,197
-1.346060492,1.137954199,197
-0.460141062,-0.709479849,197
-1.956397141,1.105496178,197
0.828895881,-0.740105776,197
-1.708184854,0.458439272,197
-0.462133724,0.716360039,197
-0.514877678,-0.058883482,197
-1.517620475,2.232020524,197
-0.317914724,-0.920735641,197
0.483510001,0.201629714,197
-1.860807753,1.605935549,197
0.901142768,-1.291234345,197
0.570733196,-1.274580281,198
-0.794725259,0.025116239,198
-0.748645294,-0.339835332,198
-1.593257408,-0.295403278,198
-0.899885726,-0.003742083,198
-2.534911723,0.922749016,198
0.044786092,-1.290908843,198
-1.839426788,1.062918575,198
0.149345788,-1.058736308,198
-1.121400366,-0.23392311,198
-2.498652571,-0.135157412,198
-1.557830201,-0.129917732,198
-1.620475544,-0.335447215,198
-1.114917088,0.112419584,198
-0.96185023,-0.28639063,198
-2.198690063,0.674800139,198
-0.680109768,0.732332761,198
-0.845074078,-0.108243387,198
-0.638420895,-0.587162068,198
-2.470239142,1.039012808,198
-2.956846986,2.027418858,198
-1.690073575,1.222902493,198
-1.307045061,-0.301288171,198
-0.353139432,-1.101375683,198
-2.012595081,0.082580336,198
-1.244176438,0.316461993,198
-0.012209049,0.277564598,198
-1.113616218,-1.020012844,198
-0.248514317,-0.003991995,198
-1.795413897,1.46012215,198
-0.580824948,-1.224339676,198
-1.087888765,1.627724665,198
-0.487080741,-0.936391046,198
-0.796863603,-0.631172418,198
-0.832500138,0.41134641,198
-1.991676909,0.833985149,198
-0.512305472,-1.517802921,198
-1.64327449,0.176373655,198
-1.038572604,-0.637847103,198
-1.837169456,2.087825089,198
-1.198221027,-0.248559394,198
-0.424504475,-0.404832714,198
-1.374901029,-0.63989454,198
-0.968218034,-0.351261955,198
-1.172608084,0.293834274,198
-0.400330652,0.199165501,198
-1.006126292,-0.792783707,198
-3.560035331,1.250171617,198
-2.203831238,0.508520506,198
-0.698721726,-0.885360019,198
0.03935652,-0.129713635,199
-2.011045243,-0.958486803,199
-0.062002468,-1.209404149,199
-0.005745251,-0.053330918,199
-0.639305718,0.883517135,199
-1.742881378,-0.333441011,199
0.383438858,-0.090684473,199
-0.424356422,-0.751092705,199
-1.81933265,2.125021721,199
-0.648295155,0.808548857,199
-1.118133346,-0.573188714,199
-1.887550395,-0.754611617,199
-0.550505249,-1.852196115,199
-1.051392944,-0.155865066,199
-0.701524959,1.035357618,199
-1.964638624,1.779966092,199
-0.528712367,0.539887337,199
-1.385387917,0.003492728,199
-1.212025434,-0.276240538,199
-1.923937376,1.516982684,199
-1.324640822,0.981837968,199
-0.34582293,-0.997331009,199
-0.503663073,-0.175550272,199
-0.539148609,-0.533859939,199
-1.643860178,1.423606791,199
-0.142925922,0.04755233,199
-0.388129776,-0.024827388,199
-0.561081572,0.279801165,199
0.099640864,-0.499979563,199
-0.748619626,-0.589894583,199
-2.208838934,0.872397053,199
-1.375979193,0.74345632,199
-1.172942276,0.811618075,199
-0.180576582,0.795196296,199
-0.297215845,-0.331578661,199
-1.310453698,0.848464163,199
0.285563529,-2.346925514,199
-0.366065728,0.101591246,199
-1.439623901,0.866877256,199
-1.321959245,2.333623462,199
0.102662557,-1.618818265,199
-0.969069965,0.137547925,199
-1.158943685,1.154136511,199
-1.288206161,-0.524262448,199
-0.488626621,-1.086637266,199
-1.271352394,-0.24198174,199
-0.365722553,-1.748557598,199
-0.51232504,0.56157399,199
-0.439809629,-1.640693106,199
-1.383573581,-0.216197518,199
-0.361920858,-1.75577236,200
-2.432472338,0.121934474,200
-1.249264424,1.083935082,200
-1.633417155,0.545814124,200
-1.67641163,-0.197220824,200
-1.786873843,0.223283217,200
-1.717518679,-0.712062097,200
-1.235277625,1.507535335,200
-1.855180906,0.336303413,200
-1.574376186,-0.214861891,200
-1.507698819,-1.10764481,200
-1.864169394,-0.712978241,200
-1.974927798,0.34214648,200
-0.420784731,0.984232704,200
-1.091446086,1.566381651,200
-1.363770754,0.378065394,200
-1.548781678,-0.362800824,200
-1.865382417,-0.892975163,200
-2.158586265,-0.112948464,200
-2.275456237,1.714445411,200
-1.825076743,-3.15432854,200
-1.65951555,0.28105085,200
-0.556559024,-0.15853692,200
0.092000986,-1.627696714,200
-1.804000736,-1.026976347,200
-2.010046062,-0.311892516,200
-2.278375181,-1.032469613,200
-1.189961991,-1.962975263,200
-1.879999922,-0.862466204,200
-1.743579026,-0.468988796,200
-0.175291474,-0.084070901,200
-2.037577613,-2.112840236,200
-1.242794769,-0.342574006,200
-1.408221277,-2.20111377,200
-1.238261253,-1.233641509,200
-2.110354588,-0.981400437,200
-1.90655621,0.045192758,200
-1.369711399,-1.163853272,200
-0.86829802,0.644772936,200
-1.501311188,1.635281205,200
-1.973821368,0.53425662,200
-2.58206353,0.997789188,200
-1.338690228,1.058685514,200
-1.881366495,0.843114841,200
-2.223046958,0.474739608,200
-2.626856007,-0.553116228,200
-2.185524883,-0.099861225,200
-1.570857496,-1.756914528,200
-1.897110405,-0.162949943,200
-2.689311503,-0.902460456,200
-0.84201804,1.195169891,201
-0.191869718,1.838650242,201
0.764426183,-1.305089995,201
0.355929452,0.236906598,201
0.376454565,0.433974657,201
0.67701615,-1.339765852,201
-0.822167148,0.293892563,201
0.270590599,-0.35558689,201
0.162081778,-0.321440956,201
0.763773715,-1.111728556,201
0.800455508,-0.161012999,201
0.033543206,-0.267438549,201
-0.457440617,1.274437065,201
1.059468809,-1.190398382,201
0.317602398,0.024825577,201
1.217648397,-1.743820381,201
-0.345914679,-0.204360678,201
-0.001588463,-0.764887954,201
-1.151523087,1.851063706,201
0.712364394,-0.607287772,201
-0.255695893,-0.036129545,201
0.3714513,0.364779375,201
-0.098535807,-0.452623131,201
1.00480401,-0.840178217,201
1.334384818,-1.021904722,201
-0.285734867,1.258730523,201
1.199441959,-1.372648421,201
0.987879278,-1.570053443,201
-0.173438495,-0.348407964,201
-0.102688364,0.317304327,201
0.001251321,-0.234541967,201
-0.395782764,-0.05726862,201
-0.550984805,-0.349738533,201
-0.431716467,0.895991427,201
0.021137205,0.334871432,201
-0.295757254,0.497656325,201
-1.241129645,2.151487745,201
-0.277726232,0.958742338,201
0.173265463,0.509000919,201
1.132447956,-1.264848428,201
0.795944202,-0.257901293,201
0.487199668,-0.269120673,201
-0.247041696,0.319905581,201
0.822599881,-0.506553282,201
2.018821632,-0.665662179,201
-0.299030638,-0.005819344,201
-0.597157988,-0.499424814,201
0.253422321,-0.03589452,201
-0.384824892,-0.254648506,201
-0.895432381,1.185677853,201
0.099854515,0.756241233,202
-1.966057532,-1.257146855,202
-1.789436651,-1.252784633,202
0.26347268,0.837046153,202
-0.170232476,0.856912691,202
0.082234082,0.270138919,202
-0.724026714,-0.344960707,202
-0.156412499,1.172198418,202
-0.478019673,0.335400065,202
-1.311159144,-1.394883371,202
-0.289267529,1.204572714,202
-2.767069862,-2.087242965,202
0.627239871,0.82339248,202
-0.411858661,0.469460479,202
-0.004784723,0.396600224,202
-1.691216021,-0.857719551,202
-0.691921058,0.111138437,202
0.367029812,-0.118576827,202
0.386887698,0.57316854,202
-0.350622309,1.240556019,202
-1.191824716,-0.764604477,202
-1.708628448,-0.671403895,202
-0.444022095,0.463566033,202
-0.479758621,0.28877806,202
-0.287698628,0.330518582,202
-1.549967437,-1.560786045,202
-0.800521695,0.498928834,202
-0.250839706,0.320304215,202
-0.635414218,-0.074714468,202
-1.468064643,-0.174937088,202
-0.649154949,-0.622802846,202
-1.89534356,-1.244950642,202
-1.416773023,-0.566374724,202
-1.470307665,-0.493086282,202
-2.348508656,-1.487610547,202
-1.12906464,-0.569077178,202
-0.663956811,0.045898897,202
-1.018547791,-0.859605887,202
0.253101409,0.084811015,202
-0.693645446,-0.165330048,202
-1.0770848,-0.068691428,202
0.62255726,0.655050055,202
-0.317785884,0.924481423,202
0.461802158,1.057162063,202
-0.478534659,0.479025956,202
-1.968648621,-1.281681799,202
-0.978657586,-0.15764519,202
-0.999131271,-0.541379279,202
0.160363946,1.906598552,202
-2.212224803,-1.211363043,202
-0.479565124,0.896693094,203
0.407155691,0.260761971,203
0.215098943,0.152464939,203
-0.479975496,0.153674851,203
0.106445426,-0.685126275,203
-0.605224045,0.649916083,203
-0.449684661,-0.853435186,203
-0.11782215,-0.406812958,203
-0.147571168,-0.008929938,203
-0.635170835,-1.753046115,203
-0.223610705,0.064648235,203
-0.271477175,0.586960904,203
-0.452008106,1.958936395,203
-0.572563142,-1.186559782,203
0.044410104,1.400754099,203
-0.681349021,-0.297377814,203
-1.189428089,-1.691925149,203
-0.117360836,0.89301556,203
-0.333681573,0.78020166,203
-0.048319505,0.033363523,203
-1.284119494,-0.067089379,203
-0.787090626,0.740829197,203
-0.777191832,-0.821256792,203
0.69131605,-1.525182605,203
0.213768586,-0.994264643,203
-0.428481231,0.098696131,203
0.321381881,-1.06408322,203
-0.400115475,-0.18978266,203
0.105580416,2.588686369,203
-0.828678125,1.279366566,203
-0.768066641,-1.119241341,203
-0.258872677,2.011828445,203
-0.00965477,-0.276759891,203
-1.297081944,-0.500758551,203
0.16013944,0.932290143,203
0.094604079,-2.250826591,203
-0.867268845,-1.664863148,203
0.300811011,-1.073093471,203
-0.011001142,0.052535821,203
-0.985791919,0.075602808,203
-0.055689876,-0.251877776,203
-0.088809312,0.698220308,203
0.112466372,1.049259119,203
-0.858703848,1.068466615,203
-1.561888157,-1.845918626,203
-0.206414998,-0.919717966,203
-0.700690099,-2.200953993,203
0.054849035,-0.04949981,203
-1.020471525,-0.180383846,203
-1.959443497,-3.332396278,203
1.125157446,-0.791544259,204
-0.406582286,-1.496924563,204
0.21981795,0.21311853,204
0.328514992,-0.015510713,204
0.419603829,-0.023619531,204
0.490458161,2.390120994,204
0.875878087,1.636080531,204
0.537580825,0.857523913,204
-0.116891504,0.733416261,204
0.492784732,0.467152938,204
0.67085617,-0.631042746,204
-0.722484387,-1.018883107,204
-0.063959559,-1.179457545,204
-0.384210933,1.793031219,204
0.784427191,-0.682107789,204
-0.161434725,1.764465854,204
-0.177917338,-1.472497088,204
-0.359680239,0.388271106,204
-0.175766082,-1.837408852,204
0.183780293,1.361897311,204
-0.092330875,0.851808953,204
0.338189946,-0.433653796,204
1.392353902,0.092902039,204
0.075358537,0.281067343,204
0.019330471,0.247611733,204
0.120006994,-1.230652176,204
0.222839385,0.297825348,204
-1.195467339,0.008386452,204
-0.11160774,-0.42243962,204
0.481656912,0.394716964,204
0.569066529,0.0766035,204
-0.090886065,-0.779231476,204
-0.260172908,-1.932619629,204
1.117000803,1.826625473,204
1.132700514,-0.79233962,204
0.531079943,-0.602425195,204
-0.196919048,0.353601451,204
0.411107458,-0.456678716,204
-0.326406901,-0.025320869,204
0.11031955,2.457804229,204
0.820091508,2.153499939,204
0.103269491,0.100289666,204
-0.254807766,-1.360731009,204
0.234396605,-1.955055786,204
0.605673066,-0.62771655,204
0.493942042,-0.759781218,204
0.454319233,2.461072413,204
0.003195257,0.098459925,204
0.126551102,-0.412016487,204
0.371923616,0.512664467,204
-0.714642241,1.461292372,205
-0.800277024,-0.467451399,205
-2.589594789,-1.854067764,205
-0.909648478,-0.266061721,205
-2.048694331,-1.801541442,205
-1.521288035,0.3184337,205
-2.642374304,-0.405483847,205
-1.798852402,-1.196321153,205
-1.148764144,-0.022769718,205
-1.962591352,-0.681085038,205
-1.265103773,0.804925437,205
-1.140023533,0.738276704,205
-1.938026708,-0.423623023,205
-1.838586826,-0.544117891,205
-1.577864571,-0.378983942,205
-1.302802548,0.066697892,205
-1.690267143,0.57973249,205
-1.103821822,2.556107829,205
-1.26455038,-0.010213888,205
-2.488620237,-0.785533757,205
-0.805072772,-0.225958723,205
-0.588614427,0.110592017,205
-1.107527697,1.212226069,205
-1.16717156,-0.042775017,205
-1.899513583,-1.22788758,205
-1.677487907,0.581267504,205
-0.349721289,2.152673339,205
-2.114157659,-1.043767438,205
-1.729563551,0.049415128,205
-1.500550874,-0.022853966,205
-0.831104421,0.712110271,205
-2.130298994,-1.129535852,205
-1.719830909,2.197890196,205
-2.425103164,0.581583957,205
-1.323150548,1.548924206,205
-1.220499563,0.430812972,205
-1.258663927,0.114728904,205
-1.404181591,-0.817257663,205
-0.941698878,-1.469684284,205
-2.692923171,-1.311909953,205
-2.936438054,-0.467490709,205
-1.22781451,0.894123565,205
-1.248698638,0.067217558,205
-1.653181249,-0.123740858,205
-2.067026995,-0.292776363,205
-1.30628936,1.161899125,205
-1.516563581,1.558012402,205
-1.900023321,0.029078729,205
-1.231928769,-0.716610435,205
-1.496018443,0.05577459,205
1.700047602,1.30645063,206
0.185738246,-1.280939217,206
2.19186286,0.283732166,206
1.237859927,-0.66129129,206
1.552150713,-0.132605092,206
1.171366467,1.151463392,206
1.337606761,0.856135432,206
1.619696251,-1.458983101,206
1.133047665,-1.149412853,206
1.555313184,-1.254852021,206
1.304672535,-0.260743712,206
0.325896633,1.702900396,206
1.054146727,0.024055987,206
1.381949921,-0.763496206,206
1.746962129,0.583964555,206
1.390261529,1.998082332,206
0.317819077,-0.666196819,206
1.600076775,1.907161181,206
0.230397439,-1.163817884,206
0.294725382,-0.820888991,206
1.103609478,0.500334412,206
0.500739063,0.86655013,206
0.659354605,-0.325472938,206
2.145231021,-0.009800548,206
1.106517734,0.755904286,206
0.942015796,0.38278909,206
1.057243499,-0.181371203,206
1.027641329,1.273550879,206
1.135975326,0.341754627,206
1.473966968,0.582126126,206
1.097960358,-0.585351889,206
1.778694698,-0.12850792,206
1.124102858,-1.662025734,206
1.544314087,0.442604459,206
1.427474729,0.201580549,206
1.948991127,0.162128978,206
-0.072430473,-1.78977178,206
1.722591904,-1.079674324,206
1.344700746,1.160166073,206
1.701069207,0.036407961,206
1.352751216,-0.322365179,206
0.722674057,1.043902018,206
1.22422064,0.26137592,206
1.477266253,0.129705797,206
1.632322943,-0.1230152,206
1.144154844,0.218172529,206
0.756739672,0.736670317,206
1.894229978,0.244770846,206
1.132117557,0.472983421,206
1.10719288,0.345015046,206
1.465145795,0.885032411,207
2.902747619,0.880827059,207
1.364088839,1.176994903,207
1.337177155,-0.505098143,207
2.807751043,3.583143792,207
1.535640066,0.877986468,207
2.839297074,1.054128169,207
1.86229834,0.048496713,207
2.616463737,3.0494431,207
1.674699477,-1.082105277,207
1.300640176,-1.642165848,207
2.106808766,0.509068592,207
0.908918364,-1.803603325,207
3.241925916,2.356361135,207
1.838561261,-0.081837156,207
2.756543641,1.792488447,207
2.308777349,-0.615835209,207
2.355341848,-0.743326041,207
2.22445985,0.653934687,207
1.332794177,0.626353595,207
2.443073546,1.524755463,207
2.154103773,0.829454362,207
2.322115575,1.039686284,207
1.091490953,0.587891465,207
1.900467735,1.266705231,207
1.098662359,-0.403260062,207
0.672844528,-1.868999559,207
1.631631493,0.552445103,207
1.951358927,0.66537489,207
1.323314974,-0.045767988,207
0.421011978,0.185243712,207
1.501875469,0.079591793,207
2.286428449,0.615657954,207
1.875025493,0.778031609,207
1.577198802,0.246205347,207
2.138659252,0.746360394,207
1.036235575,-1.069207169,207
2.494990467,0.187041708,207
1.306910967,-0.339235423,207
2.51358889,-0.467299126,207
2.02603838,1.081394669,207
1.558304966,-1.300754334,207
2.121909489,0.694386728,207
0.203225395,-1.266234757,207
1.183931171,-0.433437256,207
1.668535148,1.436115163,207
1.593923731,0.442056597,207
1.60440402,1.46741639,207
1.591498209,0.38349638,207
2.751494422,0.64868855,207
-1.245249039,0.197438195,208
0.061089748,0.043435668,208
2.09392494,-1.641036222,208
-0.710760308,0.175751206,208
-1.947891809,1.35069551,208
-1.090108967,-0.316115401,208
-1.011903731,1.020782925,208
-1.253951694,1.084287111,208
-0.036733344,0.05412606,208
-0.587958872,-0.431283485,208
-0.03742679,-1.398174243,208
-0.346984737,-0.550152381,208
-2.617325734,1.794653473,208
-1.089087858,1.234918239,208
-1.465689249,1.168639679,208
-1.189086817,0.484857352,208
0.453815248,-1.684911419,208
0.320960711,-0.229438274,208
-1.237476786,0.677003235,208
0.556815435,-0.382590093,208
0.573273678,-1.030835554,208
0.930805162,-1.037299357,208
-3.949718762,2.158980571,208
-0.200101443,-0.028869333,208
0.469295672,-1.934277635,208
-1.117188228,0.115853177,208
-0.517874928,1.045669508,208
-0.583098004,0.101621293,208
-1.168437675,0.149371692,208
-3.472438624,2.15302133,208
-0.45551113,-0.749021141,208
-0.285220297,1.061473215,208
-0.103329798,-0.486011014,208
0.442091075,0.194127067,208
0.690932997,-1.433100985,208
-0.875869604,0.042192823,208
-0.397047914,0.598686491,208
1.239891417,-0.990825384,208
-0.347585971,-0.407953126,208
-2.137493643,0.671395924,208
-0.554997997,0.223618473,208
0.048259379,0.160573686,208
-0.698435476,0.196349965,208
-1.688106409,0.863002749,208
0.667678754,-0.009108419,208
-2.555146821,0.983894603,208
-2.347538228,0.811322886,208
0.612721749,-0.875890284,208
-1.383468422,-0.065733001,208
1.181176974,-1.399936124,208
0.206827674,-0.69367805,209
-0.310927774,-1.564768057,209
0.617065818,1.292783018,209
0.964302008,-0.247268737,209
0.465823063,1.441347712,209
0.893360439,-0.892207654,209
1.322274596,-1.019822943,209
-1.295422213,-0.149050631,209
0.13947875,-1.044524773,209
-0.107779052,-0.128532415,209
-0.380541576,1.811368707,209
1.055217051,-0.198481817,209
0.102273596,0.896701163,209
0.134510796,0.93666421,209
0.140750126,-0.213466079,209
0.605295546,0.848482066,209
0.664075382,-1.437562938,209
0.076845396,-0.133039984,209
0.049108622,0.606457335,209
0.071007202,-0.039740844,209
-0.071128528,-1.690244144,209
-0.091992051,-1.571991713,209
0.874611301,0.10030907,209
0.474211073,-0.377264501,209
0.495088099,-0.93782781,209
0.63806199,-0.844274433,209
0.32293974,0.803349361,209
0.248999239,-1.530702379,209
0.45119324,-0.900640453,209
0.5988468,0.028718903,209
0.939884655,0.51869497,209
-0.882097505,-0.375321486,209
0.637942565,1.352563658,209
-0.84737674,0.308962921,209
1.37931826,-0.856907208,209
0.470958697,0.844312407,209
0.193730935,-0.377835745,209
-0.143696909,-0.6859235,209
1.120301561,-0.033587936,209
0.070491818,2.455414095,209
-0.023372237,-1.46699348,209
0.642256105,1.244545987,209
0.153122673,1.922545188,209
0.13288974,-0.000169024,209
0.306132867,0.179317541,209
1.233843235,-0.005408459,209
0.397452856,1.187626005,209
0.514004426,-1.173582489,209
-0.127732304,1.644894909,209
-0.253739355,-0.028075904,209
-1.874934506,-1.499472377,210
0.185060332,1.245091545,210
-0.684770009,0.313434005,210
-0.338041741,-0.016082234,210
0.865320025,0.579492925,210
0.518454882,0.447815471,210
-0.096358335,0.065103804,210
0.98923487,1.939576122,210
-0.883889008,-1.587158243,210
0.548775456,-0.980242879,210
0.00015869,-0.045464697,210
-0.498243419,-0.489506089,210
-0.43864797,-0.416520094,210
0.67889814,1.829232788,210
-0.77649373,0.333941205,210
-0.90213418,-0.772928335,210
1.849821437,1.479053503,210
-0.324527146,-0.370945351,210
-0.003738484,1.566561763,210
0.090513766,-0.352856359,210
0.118367232,1.206175608,210
0.054045112,0.50031231,210
-0.224688387,-1.702412313,210
0.434512567,-1.041648551,210
0.663250016,0.627164998,210
-1.247090923,-0.975879974,210
0.066243729,0.22016398,210
-0.320940046,1.045145337,210
0.173305762,0.791103916,210
-0.6227914,-1.403362624,210
-1.018100243,-1.71045174,210
0.327836802,0.321486578,210
-0.331455445,-0.392614599,210
-0.434551289,0.68172083,210
-0.229498573,-0.267428915,210
0.409443941,1.340986873,210
-1.281046088,-0.057163751,210
0.461898919,1.844407718,210
0.26405694,0.924241043,210
-0.619758378,0.291858022,210
-0.345468018,-0.888886227,210
0.885541229,1.110749986,210
-0.481287168,-0.940070363,210
0.743073196,1.902069872,210
0.379141706,1.213127069,210
-0.643018818,-0.065380212,210
0.484106404,1.389554768,210
0.964710294,1.3712635,210
-0.104330527,0.44688376,210
-0.005997311,-1.001883751,210
-0.039211236,-0.521442029,211
-1.04239455,-1.639985922,211
-1.914204043,0.234528046,211
0.377384921,0.164177038,211
-0.190721415,0.175328098,211
-0.422002935,0.989679548,211
-0.102231721,0.482463457,211
-0.704180114,-0.396259142,211
-0.334299523,-1.028360451,211
-0.79582819,-1.342812509,211
0.815742602,1.757809496,211
-0.799358955,0.366060522,211
-1.067882965,-1.139027822,211
-0.195941964,0.05688396,211
-0.917671985,-0.14756556,211
-0.546764787,0.18170121,211
-0.414364884,0.626837385,211
-0.282223611,0.581116165,211
-0.494320964,-1.447237397,211
-0.860575784,-1.49989746,211
-0.189645576,1.256479888,211
-0.307002158,1.207119805,211
-0.949771664,-1.045741363,211
-0.875283901,0.341455495,211
-1.430434949,-0.783514142,211
-1.023184783,0.553123986,211
-0.596114921,0.469581541,211
0.276229312,0.23599743,211
0.492095707,0.952089124,211
-0.420219394,0.157474655,211
-0.795154775,-0.030713191,211
0.207860783,-0.364887354,211
-0.267975307,-0.858489912,211
-0.350697643,-1.306055443,211
-0.41209328,0.84657783,211
-0.630787779,-1.342226179,211
-0.33110409,0.765398972,211
-0.966984253,-1.178315528,211
-0.416815896,-0.612439929,211
-0.617777969,0.799353596,211
-0.339214365,-1.086439877,211
-1.037101553,-1.382875362,211
-0.400192187,1.345372144,211
0.392371325,0.633871255,211
-1.25370211,-2.20103205,211
-1.260851304,-2.048599172,211
0.496871737,1.355639475,211
-0.026904188,-0.052423924,211
-1.049523453,-0.587918716,211
-0.187253041,2.12346448,211
-1.052295572,-0.877888901,212
-0.947881028,-1.88059412,212
0.705339553,1.321795378,212
1.289949514,1.703566685,212
-0.226143412,0.203552124,212
0.633413169,-0.251034252,212
-1.202367416,0.206738835,212
0.947825303,0.822603103,212
-1.574854039,-1.300227567,212
0.602412244,0.947114857,212
0.002949912,0.510787019,212
-1.839914287,-0.464268816,212
-0.379259008,2.411869689,212
-1.080445159,-0.932277854,212
1.212707071,1.40930337,212
-0.995061541,-0.58266005,212
-1.760740188,-1.699095978,212
-0.695046456,-1.304013605,212
-0.768910733,-1.060031472,212
0.779600333,0.842167691,212
-0.359044994,-0.959083423,212
-0.29294967,0.09961297,212
-0.209503202,1.4390324,212
-0.287503459,-0.422145623,212
-0.269592131,-0.7955755,212
0.282930406,1.537224828,212
-0.782298203,-0.331403488,212
0.010276925,-0.488878222,212
-2.252324371,-1.729995383,212
-1.45378547,-1.058480085,212
-1.197388881,-0.961266289,212
-1.327294041,-0.835289368,212
-0.969756766,-0.141739165,212
-0.500210328,-0.964394745,212
0.46643415,1.386490093,212
-0.068884202,0.997913828,212
-1.000734769,-1.317949402,212
-1.219878619,-1.018303974,212
-0.794487666,0.35443704,212
-0.914498824,-0.720140298,212
-1.767859347,-0.875934765,212
-0.669313917,-0.352309355,212
-1.295400092,-0.784853553,212
-0.212347879,-0.821146482,212
-1.23126441,-1.051888139,212
-1.714193545,-2.255967806,212
0.06614425,0.647301916,212
1.367338197,1.236300257,212
-0.30822491,-0.249588799,212
-0.435290057,0.500064487,212
-0.350109317,0.263889115,213
-0.479785613,1.399945053,213
-0.589816897,-0.211469498,213
-1.994349193,-1.158754906,213
-1.072278327,-0.893564573,213
-0.520702065,-0.431229612,213
-0.527147023,0.464831833,213
-1.142715299,-0.970124864,213
-0.136947003,0.440926697,213
-0.700687124,0.367883569,213
-1.371928139,-1.081920779,213
-0.866845114,0.977211432,213
-0.123822844,-1.008833047,213
-1.064796142,-0.175372932,213
-0.729534745,-0.123479663,213
-0.190079087,1.035126945,213
-0.788739086,0.051885665,213
-1.374040925,0.181586824,213
-1.366787574,0.208388801,213
-1.312499697,0.027504578,213
-1.566297502,1.285597549,213
-0.396851703,0.445959331,213
-1.245166004,-1.15615679,213
-0.665230936,0.367281837,213
-1.111553027,-0.067959336,213
-0.917019575,0.117383269,213
-0.887545878,-0.350384461,213
-0.293038848,-0.917236502,213
-0.866541499,0.32183817,213
-0.944690916,1.446323766,213
-0.930991664,-0.585130663,213
-1.648428428,-0.772545085,213
-1.536302242,-0.042884492,213
-0.957945673,0.081454842,213
-0.238320341,0.30744182,213
-0.506551668,0.163058028,213
-1.440273954,0.186903848,213
-0.658133335,-0.080584371,213
-1.107392331,0.182589831,213
-1.345528564,-0.772392353,213
-1.096503585,-0.091846947,213
-0.803960498,0.497028571,213
-1.91756842,-0.400186351,213
-0.432189853,0.081360789,213
-1.818509747,-0.061075904,213
-1.522271916,0.501821206,213
-1.725777934,0.646941651,213
-0.672965096,0.165931258,213
-0.955362374,-0.047262125,213
-1.276785029,0.709309655,213
0.731157769,1.292556094,214
-0.377998843,-0.742491488,214
0.108701212,1.556343957,214
1.117408776,0.345949978,214
0.174183442,0.431899406,214
0.476181363,1.661507644,214
0.36646919,-0.492290155,214
0.539915271,1.653276017,214
1.08159771,0.953661239,214
0.068583172,0.713251489,214
1.522330394,-3.066964203,214
0.464501351,1.433551024,214
0.823082235,1.306518721,214
0.598164375,2.264496007,214
0.067673559,-0.834556203,214
0.060342747,-1.200502459,214
0.039390731,-0.880109137,214
-0.075656643,0.834620977,214
0.413680081,0.308712946,214
-0.209482596,0.952676098,214
-0.718331129,0.269388872,214
0.027279206,0.781012073,214
-0.113575994,-1.046585224,214
0.500208301,-0.984555563,214
0.916006384,0.931997042,214
0.627249058,-1.365004339,214
0.879076782,-1.170750935,214
0.427672719,1.289175488,214
0.352406772,-0.615151774,214
0.741198458,-0.891199968,214
-0.039064738,0.276955342,214
-0.256929454,0.790329349,214
-0.284582757,-0.72154668,214
0.44294957,-0.396879852,214
0.088898027,0.632614947,214
0.810689997,-0.654482938,214
1.789490645,-1.072299368,214
0.850740212,0.25212781,214
0.514553635,-0.553382994,214
0.448218644,-0.656535221,214
0.850773932,0.588783041,214
0.339452241,1.045904269,214
0.034649511,0.157659555,214
0.963150779,-0.506926378,214
-1.052822506,0.557945443,214
-0.601508676,0.550149525,214
0.713988065,-1.74057188,214
0.630010057,0.433114506,214
0.985386151,-1.284367945,214
0.79643894,-1.234193148,214
0.804113539,0.258107409,215
0.096073287,-0.375503415,215
2.184695244,0.3839337,215
0.636612926,-0.299350167,215
0.931168474,0.766176768,215
2.555389912,0.781802185,215
0.970681492,-0.124625089,215
-0.25192174,0.486206469,215
1.264482105,-0.063496502,215
0.963018608,1.052043387,215
0.496626903,0.813061324,215
0.308924598,-1.253997469,215
0.185565907,-0.525904939,215
0.269354279,-1.161210396,215
1.19405884,-2.060902634,215
0.500846234,-0.261562316,215
0.638476568,0.364945637,215
0.276374651,0.698286853,215
0.547909964,0.240309522,215
0.461865375,0.198813903,215
0.505760164,0.759765911,215
0.293953927,0.343238206,215
0.315660225,-0.793297349,215
1.180314747,-1.531005156,215
0.847172776,-0.294887891,215
-0.722152731,-0.089003937,215
1.418904644,-0.115909811,215
1.147911584,-0.728660351,215
0.954533356,1.685734783,215
1.076847821,-2.467274006,215
0.066258828,1.396036413,215
0.360670441,-0.905196285,215
-0.599710029,1.075025781,215
0.666236884,1.224312774,215
1.613823959,-2.258306215,215
1.682121609,-0.228067413,215
0.910481139,1.192296605,215
1.011606821,-1.58069547,215
-0.594950103,1.197778764,215
1.100333253,-0.353001571,215
1.330584051,-0.220099179,215
0.238516711,0.703544663,215
-0.113668363,-2.291374725,215
1.146101309,2.36178019,215
-0.132451991,0.928297827,215
1.648427682,-1.470162469,215
0.000194844,0.833179181,215
0.360184219,0.375965275,215
0.860935595,-0.746741861,215
0.615801859,-0.162239553,215
1.399496865,-2.304549087,216
-1.424794353,0.006268999,216
0.403204503,-1.064113972,216
0.147760179,-1.144144935,216
0.100253661,-0.896139186,216
0.320418367,-0.86460097,216
0.066276875,-2.623809949,216
-1.451962476,0.879290622,216
-1.028896221,-0.561866874,216
0.52454539,-1.625240785,216
-0.78663161,-0.023682411,216
-1.2249301,1.694821369,216
0.402099338,-0.56970762,216
-1.297569275,-0.081870845,216
-0.714866956,0.58171657,216
-0.030912126,0.007634562,216
0.045237765,0.18140677,216
-0.193927873,-0.425621435,216
-1.038317638,-0.089958893,216
-0.224506123,1.299669963,216
-0.225712696,-1.107489839,216
0.828372685,-0.036387262,216
-0.861234096,-0.583161938,216
0.416550477,-0.766767022,216
-0.49277732,0.193205937,216
-0.025804497,-0.037468869,216
0.24892918,-2.933054823,216
-0.574070602,0.994427638,216
-0.434901451,-0.417310004,216
0.184238083,1.199614212,216
0.211454352,-0.559457861,216
-1.559849017,0.073013944,216
-0.637961654,-0.878104108,216
0.145206152,0.410462738,216
0.075757486,0.063147747,216
-1.049069719,0.815314417,216
0.006505365,-0.499503809,216
-0.085167648,-0.113783368,216
-0.694284603,1.180646913,216
0.43524662,-1.56956698,216
-0.863344731,1.457500186,216
-1.253643512,1.681107802,216
-0.726303133,-0.757187974,216
-0.547207763,0.829102417,216
-0.905759077,-0.630710374,216
-0.051384024,-0.6497466,216
-1.307476004,1.125617983,216
-0.648269816,0.887460584,216
0.686443669,-1.028966062,216
0.704189434,-1.107531182,216
-0.21810525,0.223228125,217
-0.975555237,-0.011193731,217
-1.311999199,-1.323153733,217
0.114847903,-0.495714767,217
-1.187650843,-1.238053504,217
-0.676195865,1.155422961,217
0.681804045,1.450355401,217
0.46775176,1.028553083,217
-1.90018099,-0.338100471,217
-0.433000927,0.042900257,217
-0.215966469,1.615425064,217
-0.099092706,-0.176813685,217
-0.357064163,1.463665804,217
-0.472492934,-0.372153106,217
-1.427729743,-2.324499146,217
-0.929370924,0.782220444,217
-0.171973927,0.405443788,217
-0.7533299,0.418432311,217
0.570717418,1.75574652,217
-1.354545606,-0.96625788,217
-1.329492137,-0.878991599,217
-0.538428994,-0.727413317,217
-1.142700974,-0.904113229,217
-0.375035678,-0.186139522,217
-0.128756637,-0.101972453,217
0.362915441,0.98581299,217
-0.272234357,-0.17409792,217
-1.140696345,-0.628771744,217
0.104154433,1.615703835,217
-1.505080993,0.349429764,217
-0.108533016,2.26274654,217
-1.741521946,-0.78163702,217
-0.026445307,1.059218111,217
-1.751931972,-0.67033908,217
0.458295158,0.746433355,217
-1.38456927,-0.295399218,217
0.259606968,0.569374213,217
-0.859384296,-0.530290797,217
-1.491117496,0.44800638,217
-0.582185034,-0.219141076,217
-0.605295511,0.845006217,217
-1.157265105,-0.453842416,217
-1.194280998,0.065383706,217
-0.642453065,1.19602296,217
-1.084631802,0.102000308,217
-1.489182112,-1.268884688,217
-1.291947367,-0.665835612,217
0.488364969,0.979082849,217
1.057654301,1.502147737,217
-0.750497544,-0.633451514,217
1.671367209,1.990011326,218
0.709342626,1.017847577,218
1.563969281,0.896040796,218
0.12490544,0.05236835,218
-0.254776805,-1.802918699,218
0.63643792,0.929398581,218
0.221268881,-0.234291849,218
0.166845229,0.178390622,218
-1.486531332,-2.702664468,218
0.478945003,1.236585063,218
-0.2636969,-0.024428832,218
0.37552164,0.920107153,218
-0.200871054,0.143753538,218
0.37132759,-0.470025875,218
0.498398797,0.450090628,218
0.748409569,-0.244083585,218
-0.263557132,-0.419605956,218
1.02214094,0.756911728,218
0.827836331,-0.014309746,218
-0.235134804,-0.124565683,218
-0.091526105,-0.495588112,218
0.433219455,0.64725825,218
1.116560494,1.317717348,218
-0.630427137,0.592706993,218
-0.033092333,0.014718146,218
-1.970135939,-1.38554455,218
0.702814905,1.135206311,218
1.384314184,1.46464273,218
-0.47614692,-0.634131827,218
0.142146746,0.720883166,218
-0.476124721,0.008893249,218
1.254108245,1.012297388,218
2.056865246,2.208482909,218
0.678085939,0.108345719,218
0.571602242,-1.417059115,218
0.822145429,1.377471784,218
-0.534877425,1.184892111,218
0.033895691,-0.126063069,218
0.894111533,0.496261084,218
2.390032669,0.240317525,218
-0.547052895,-1.220375201,218
2.117999967,2.392677693,218
-0.466934344,0.427633117,218
1.989314445,1.550172075,218
0.821578452,-0.995334939,218
-0.753406188,-1.516846373,218
-0.505375288,-0.045069067,218
0.902889664,0.792158219,218
-0.04112876,-0.850552874,218
-0.697852975,-0.559350696,218
1.059419517,1.165519942,219
0.637351829,1.045949904,219
0.427681083,0.540549254,219
1.399789337,0.562129189,219
1.006597203,0.667276898,219
0.618616695,0.29246862,219
-0.093087307,-0.917805827,219
0.296756177,-0.798438606,219
0.354781536,0.529111104,219
-0.105222626,0.191723438,219
0.871875053,1.445335617,219
-0.329411851,-0.137965034,219
-1.496898488,0.410465146,219
-1.103461815,-0.903089658,219
-0.051516263,1.374679673,219
0.806900757,1.44963266,219
0.964746294,2.152057668,219
-0.231181174,1.596944639,219
0.646232635,-0.32298852,219
0.548297471,0.899951525,219
0.573815393,0.264304228,219
0.45442957,-0.860173694,219
0.108192297,1.49779038,219
-0.095672677,-1.141217221,219
-0.27534833,-0.775974537,219
0.248050352,0.341043499,219
0.611562929,1.161436504,219
0.794432239,1.620899111,219
0.105013425,0.761690488,219
0.064523339,-0.416573496,219
0.952719857,0.583753707,219
0.343805933,-1.435408256,219
0.004903606,-1.04647725,219
-0.075674119,0.056990625,219
0.730827771,-0.309644182,219
0.208304196,-2.124962746,219
-0.349517803,-0.124041044,219
0.694113527,-0.585353179,219
0.032467425,0.863634797,219
0.553537295,-1.764940737,219
-0.779072042,-0.484905687,219
0.309695154,-0.704894919,219
1.555038363,0.166358155,219
0.089534994,-0.170425729,219
1.244840916,-1.498079116,219
-0.486183696,-0.855614783,219
0.282555532,1.071934046,219
1.596619494,0.453676051,219
-0.005059625,0.319813298,219
0.84205824,-1.107902007,219
-1.098859246,0.183646751,220
0.175980051,1.806328507,220
-0.836455991,-0.724153729,220
0.024683197,-1.196634567,220
0.44461353,0.423307187,220
-0.699230897,0.886818861,220
-0.773423827,-0.438278568,220
-0.534916898,-0.417435015,220
-0.82594692,-0.829487494,220
0.545332877,2.197424119,220
-0.931517574,-1.530370801,220
-0.610228769,0.12395054,220
-0.276228111,0.821176792,220
-0.054627205,0.682883385,220
-0.167068209,-0.247368084,220
-0.636788689,0.484450666,220
-0.103726866,-1.169938457,220
-1.427786482,-1.357110911,220
-0.697986911,0.626006122,220
-1.105547241,0.05451163,220
0.083949772,0.961982556,220
-0.426970088,-0.01938206,220
-0.018899263,0.307289365,220
0.015538605,1.467499358,220
-0.279451645,0.806485407,220
-0.139239526,0.922842384,220
0.937599908,1.034898004,220
-0.891854371,0.116937471,220
-0.370395484,0.664593031,220
0.445461753,-0.183806032,220
0.473573446,-1.847481191,220
-0.325657366,-0.190200153,220
0.842777138,2.768599926,220
0.499510294,0.649032724,220
0.198324264,-0.306367717,220
-1.126676972,-2.536510212,220
0.414427689,-0.677704298,220
-0.231608535,-0.181474665,220
-1.513702506,-0.418775035,220
-1.155002945,0.064762584,220
-0.319897603,-0.061664596,220
0.334453357,-0.015499021,220
-0.177226556,-1.118177473,220
-1.074907337,-2.031001243,220
0.947534168,2.328689715,220
0.730498752,0.51782862,220
-1.687831632,-0.711680047,220
0.623441726,0.117722805,220
-0.986580371,-0.294159957,220
-0.153085602,-1.092528803,220
-1.645409608,-1.660632234,221
-1.456435398,-1.628069983,221
0.102614431,1.810762369,221
0.109598908,-0.422937674,221
-0.348940437,-0.482180498,221
0.359816851,0.043645498,221
0.568619815,1.099946375,221
-1.100940478,-0.796778823,221
0.436385226,1.801913555,221
-1.419624197,-1.063834382,221
0.268882682,0.522212219,221
-0.164800823,0.232473927,221
-0.253920043,-0.4728536,221
-2.367533191,-1.724224774,221
-1.294243956,-1.45045025,221
-0.781225985,-1.074815002,221
-0.489720042,0.191437673,221
-0.230092888,0.130525823,221
-1.454053577,-0.792544603,221
-0.410958657,0.291294782,221
-0.319227903,0.028633709,221
0.955658053,0.740714248,221
0.071368887,0.752761219,221
-1.68074483,-0.630700366,221
-0.072318668,0.007537342,221
0.811462814,1.850853908,221
-0.583880102,1.116346938,221
-0.844856262,-0.515518146,221
-0.790106817,-0.060545036,221
-0.941178647,-1.459766052,221
-0.348814446,1.105401876,221
-0.185965771,0.17515322,221
0.642874907,1.604720271,221
0.522810839,1.214839154,221
-0.660915978,-0.537752935,221
1.048302531,1.714555437,221
-0.621330481,-0.289413119,221
1.078876856,1.44911743,221
-0.544435352,0.032931273,221
-0.217354231,-0.200553399,221
1.027137234,1.674440139,221
0.050128425,-0.023393232,221
-0.89336706,-0.652389678,221
-0.381078115,-1.245366227,221
2.339389516,1.283921517,221
1.023259604,1.268354557,221
-1.071748781,-1.667432623,221
-0.093628288,0.976325501,221
-1.885530645,-1.841567301,221
-1.102431639,0.747423327,221
-0.428263258,-1.576386101,222
-0.116516623,-0.008887049,222
-0.214376205,-0.401508379,222
-0.887371495,-0.291641772,222
1.36790224,0.069210139,222
0.023878286,-0.370873092,222
-0.431381057,-0.78481432,222
1.679277908,0.778182126,222
0.956881079,0.315946885,222
0.473466571,-0.516336261,222
0.60034186,0.696504666,222
0.344075421,-0.139545339,222
-0.690812313,-0.079605418,222
0.130927703,0.219972558,222
0.303580601,-0.302078809,222
0.062943177,-1.014800186,222
-0.672880005,-1.891596839,222
0.099966643,0.226241028,222
0.902575469,0.368886956,222
0.381988454,-0.008969823,222
0.977427475,0.259180308,222
0.490265262,0.550643304,222
0.248143598,-1.957970131,222
-1.372647723,-1.757869681,222
1.336424675,1.611717247,222
-0.232786944,-0.338927967,222
-2.200054736,-2.751306814,222
-0.221815214,-0.258194808,222
2.229916044,1.250915898,222
-0.240833284,0.164874616,222
-0.24673142,-1.826203185,222
0.4192017,0.612782776,222
1.33522728,1.331584255,222
-1.475454184,-1.806154159,222
1.65556871,0.66733996,222
-0.627999925,-1.00884948,222
0.269939035,-0.636921278,222
-0.147393319,0.026575971,222
0.245653659,0.109139763,222
-0.127874645,-0.233920127,222
1.203049802,1.571147299,222
-0.429406847,-1.715365462,222
0.347000522,0.072976234,222
1.317041117,0.109013636,222
-0.270995509,0.70716307,222
-0.578570471,-2.344473574,222
1.734230193,0.355807163,222
0.182378953,0.18884614,222
-0.131139731,-0.805002075,222
1.075254725,0.479397669,222
0.138473943,1.201707346,223
1.123176301,-0.423297558,223
1.900552528,-0.471863583,223
1.610907873,-0.824910985,223
0.165210473,0.855109656,223
1.066887669,-0.098655707,223
0.199072302,0.624123049,223
0.751888214,0.443951265,223
0.558102986,0.315192447,223
0.466602283,0.276821366,223
0.348182416,0.237803996,223
0.714357385,-0.409128942,223
1.233497197,0.120135432,223
0.342848686,2.324043245,223
1.119823927,-1.579424027,223
0.696371349,-0.154123807,223
0.8358913,1.461161051,223
0.833968952,-0.258810717,223
1.185000411,-0.891259882,223
-0.640048151,0.497875797,223
1.203166549,0.993310913,223
-0.034383264,1.316637979,223
1.138020865,0.665918817,223
0.38408822,-0.390196793,223
0.162679504,-0.397984083,223
-0.625457628,1.66570496,223
0.03964709,0.135389763,223
1.427928899,-1.324872978,223
1.727190511,0.867872179,223
0.734598188,0.734298125,223
0.729431049,-1.232066462,223
0.542296138,-0.998458172,223
0.322039031,0.867037128,223
-0.176115479,0.345883158,223
0.450205647,1.358409979,223
0.783878917,1.19579627,223
1.761832996,-0.470674595,223
-0.316127444,-0.511137376,223
1.981468296,-1.930418108,223
0.630729463,0.463630069,223
1.51949705,-1.237356039,223
0.947949619,0.133365522,223
0.891342343,-0.808700312,223
0.201856455,-2.661759014,223
1.244961563,-0.707827422,223
0.563560259,0.635002737,223
0.988800729,0.488964197,223
0.877926725,0.320405449,223
0.235818033,0.802465582,223
-0.402867348,0.922800241,223
0.55424408,-0.50247297,224
0.29436344,-1.032687134,224
-0.475694634,0.378890327,224
0.042748577,1.06528244,224
0.51466682,0.619505797,224
-0.069453637,0.320823997,224
-0.46887191,-0.064696235,224
-0.230920472,-0.038996007,224
0.283292808,-1.287788176,224
1.213107084,-0.003348349,224
0.360879546,0.494661086,224
-0.226728005,0.484600773,224
-0.757970494,1.439771976,224
-0.425502027,0.042017511,224
0.030499114,0.124729662,224
-0.52507776,0.266537538,224
0.766113676,2.545710654,224
-0.371206484,-0.845226861,224
0.289380075,-0.335751258,224
-0.329904917,-0.261896663,224
0.393926576,0.96572954,224
0.451808236,-1.172604714,224
0.186458833,0.290354716,224
-0.59123225,0.34977058,224
-0.97498087,-2.039497406,224
-1.0513879,-0.393582484,224
0.085027859,0.104023908,224
0.286825293,-0.371020099,224
-0.586960555,-0.549846725,224
0.051929442,0.716406042,224
-0.348279634,0.156871028,224
0.434212205,-1.39470358,224
0.375941295,-0.288092648,224
0.383092343,1.906090883,224
-0.726757099,-0.504707281,224
-0.331770877,0.414800202,224
0.313962119,0.577634689,224
-0.551385018,-0.52461292,224
1.453607285,0.215891315,224
0.020009456,0.695114477,224
0.631928587,-1.301716225,224
0.416781264,-1.22721509,224
-0.933306578,-1.563616448,224
0.093563433,-1.723462999,224
-1.145125735,1.145553804,224
-0.169527386,0.009697152,224
0.406926989,-1.834635375,224
-0.476826631,1.700524035,224
-0.149260515,-2.004019316,224
0.338097913,-0.22201925,224
-2.617459757,1.42001397,225
-2.368149696,0.867756963,225
-0.201005242,-0.271684879,225
-2.43488248,0.706342192,225
-1.432432731,0.414986277,225
-1.581555602,1.327174087,225
-0.233071833,-0.614827661,225
-1.229592393,-0.259811916,225
-1.409436399,0.759971708,225
-0.941924837,1.085025533,225
-0.545098166,-0.967649693,225
-1.534654952,1.175339262,225
-0.568273902,-1.084425226,225
-0.62046869,-0.057895052,225
-1.020469119,0.329379694,225
-1.68631181,0.475757561,225
-1.586134823,0.671455676,225
-1.135851465,0.043727281,225
-0.433287067,-0.312411843,225
0.020000975,-0.971866855,225
-0.881297422,0.365500133,225
0.258003339,-0.565093518,225
-1.042383717,-1.137166039,225
-0.839427472,-0.511914718,225
1.148931161,-1.906011185,225
-2.126565222,0.682736619,225
-2.197209996,0.589356627,225
-0.85920033,0.028345096,225
-1.583911561,1.390891302,225
-0.923034744,0.4589914,225
-1.683191608,0.633397951,225
-2.378344408,2.352454483,225
-0.090647795,-2.047703077,225
-1.135438671,0.366407606,225
-1.403655128,0.638568576,225
-1.194492852,0.982193947,225
-0.130876816,-0.813381391,225
-2.406291736,1.542308916,225
0.123830097,-1.53705505,225
-0.170310676,-2.111587204,225
-2.205722287,1.910487285,225
-0.339769832,-1.561793184,225
0.139137412,-1.794876716,225
-0.286932529,-0.71393318,225
-1.481301967,1.0280539,225
-1.014368086,0.573864733,225
-2.438445841,0.44761423,225
-0.569704531,-2.245422614,225
-0.560858434,0.890235952,225
-0.969345571,0.226919614,225
0.038258859,0.536179558,226
1.132775393,-2.312327431,226
0.918673741,1.319722653,226
1.024761287,-0.96035892,226
2.342812506,-2.81117654,226
0.030071024,1.661272285,226
0.664060522,0.183345488,226
-0.034908807,0.634045387,226
0.019787479,-0.524897328,226
1.008925261,-0.18000174,226
-0.121954494,-0.33701175,226
0.777981006,-0.214857136,226
0.782702687,-0.037554518,226
1.725474502,-0.700104463,226
1.613768318,0.37876305,226
0.141092426,1.097707036,226
0.803749811,-0.13325582,226
-1.05704987,0.255449074,226
0.82888796,-0.701775322,226
1.015766878,1.020422755,226
1.41432213,-0.2303376,226
0.167454821,0.463916029,226
0.951812057,0.120188941,226
1.160706887,-0.274567404,226
2.519123182,-1.050621344,226
-0.119109888,0.838140958,226
0.35462653,1.150986287,226
2.499496412,-1.638620138,226
1.400078274,1.029194892,226
0.414437051,-0.467122367,226
1.288050425,-0.748629797,226
0.746299399,1.248377079,226
1.580440204,-1.537840118,226
-0.118134111,0.142352189,226
-0.45774128,0.606431708,226
1.951209864,-1.936879405,226
0.937017797,-0.473393025,226
0.305319414,1.799706969,226
-0.116680581,0.032522848,226
0.60989728,-0.162857685,226
0.980812897,0.483124218,226
-0.033797007,0.350090496,226
0.842061503,-0.304612035,226
1.614153199,-0.792326377,226
0.910178644,0.61200535,226
0.030061295,0.676910299,226
0.977788994,-0.307947548,226
1.227209373,-1.045564844,226
1.016624452,1.001083349,226
1.230072598,-0.986547281,226
0.516377175,1.39310868,227
0.891682744,0.552312416,227
0.694340288,0.664635875,227
-1.942450972,-1.007504978,227
-0.95017483,-1.679810939,227
0.223677298,-0.343166679,227
-1.44238449,-0.182787159,227
-1.350072786,-1.744734292,227
-1.436448109,-1.077554083,227
-0.166627694,-0.240913146,227
0.676234087,0.810610103,227
0.465688648,0.203379371,227
0.493270703,0.517377612,227
0.476247591,1.048397114,227
-0.137417144,-0.48712591,227
-1.03720852,-0.26708612,227
0.227552299,0.460135524,227
0.158277356,0.813236347,227
0.364045961,0.673246954,227
0.338897618,0.152128016,227
-0.383584556,-1.221566678,227
-0.596753061,0.76945556,227
0.298750844,0.343063532,227
-0.279078968,-1.007765149,227
-1.01382908,0.084820858,227
0.012914629,-0.531241333,227
-0.169118233,-0.307012864,227
-1.054979555,-0.579248381,227
-0.708115432,-1.494486291,227
-0.294818315,0.584834655,227
-0.474408007,0.294218018,227
-0.502831447,0.674073887,227
0.121462884,-0.691694118,227
-0.536962665,-0.44106141,227
-0.073541494,-0.265323742,227
0.758928587,1.146550243,227
-0.16002571,0.405817646,227
0.314459065,1.000278241,227
0.161441317,0.080776059,227
-1.881487784,-0.751589652,227
0.495447006,1.043392218,227
-0.349157372,-0.515901387,227
0.37546686,0.514779644,227
-0.758472462,-0.168797572,227
-0.21024551,-0.330291784,227
-1.333421915,0.924850023,227
-0.581564688,0.119874134,227
-0.142495619,0.221292818,227
-0.867116498,-0.679639053,227
-0.354715779,-0.566105886,227
-1.501705368,-0.897197733,228
0.111777987,-0.413607604,228
-1.557700782,-0.933775119,228
0.476466767,0.708683867,228
2.492899839,1.740033165,228
0.491425355,0.376363471,228
0.851604862,0.309453608,228
-0.05961349,-1.49446047,228
1.333059175,0.804764903,228
0.090069776,0.129270301,228
0.190948107,-0.218692513,228
-0.360748574,-0.532985201,228
3.529990898,2.725821621,228
-2.105426264,-2.189578056,228
1.18294254,0.911341619,228
0.415075562,0.460584017,228
0.427538944,0.749584548,228
-0.446793409,-0.449635103,228
0.259193144,0.571175787,228
-2.263029628,-1.781258565,228
1.535435053,0.738497326,228
1.198755521,0.733501262,228
2.212271018,1.387397858,228
2.953794647,2.090059009,228
1.1316259,1.11371119,228
-1.948948981,-1.127795435,228
1.641858915,1.049133161,228
0.27734701,0.946577395,228
0.557256075,0.488981185,228
0.360073701,-0.127686982,228
0.969764523,0.281333204,228
2.641257459,1.244498455,228
-0.701025204,-0.73608233,228
0.467463561,-0.504769743,228
-0.113100947,-0.251735181,228
0.147382893,0.886554461,228
-0.889404056,-1.305836241,228
-0.28421314,0.064898178,228
1.873810408,1.223283248,228
0.126704466,-0.338412262,228
-0.188619099,-0.149647042,228
0.802376522,0.471827226,228
-0.938244478,-0.183954869,228
-0.953417799,-1.022161283,228
-1.781231879,-1.035064634,228
-0.278090609,-0.182128011,228
-0.512199116,-0.68751718,228
0.506705943,0.700211403,228
2.395693134,1.725908306,228
0.838328087,0.683954475,228
0.680442741,-0.325547215,229
2.215380191,0.984272456,229
-0.146945006,-0.714926227,229
0.765704059,0.879479843,229
0.698519531,0.985917172,229
-0.341444119,-0.518893822,229
0.647612641,1.05162502,229
0.816316347,-0.974986333,229
1.017977477,0.368141659,229
0.665620959,-0.146703457,229
0.541048959,-0.399514336,229
0.373184535,-0.50673342,229
0.375359356,-0.912626306,229
1.814385961,1.420101995,229
1.30062216,0.689143713,229
0.44806716,0.668765588,229
-0.087919717,-1.241362851,229
1.549130851,0.898074121,229
0.586458692,0.103723849,229
-0.331410212,0.717247158,229
1.179925927,0.746296009,229
1.618196116,0.183747967,229
1.091995393,1.448488682,229
0.497512048,0.205851143,229
-0.156056074,-0.974308429,229
-0.580300208,-1.081261591,229
1.583561899,0.516999171,229
-0.551704874,-0.299879757,229
1.759080645,0.947073228,229
1.792069854,0.345753585,229
0.59155484,0.755902117,229
0.724004907,0.022619573,229
0.839788919,-0.297869476,229
0.002435755,-0.650307241,229
1.907287861,1.111274099,229
-0.334357297,-0.966155069,229
1.495608816,0.628909778,229
2.235453575,0.235010727,229
0.355608984,-1.453818394,229
0.319356836,-1.437564255,229
0.327416006,0.192943954,229
2.870996389,2.780332075,229
0.35372897,-0.852106137,229
0.118188694,-0.668399771,229
1.495960828,0.425000241,229
0.085827717,-0.143408666,229
-0.120194574,-1.397648619,229
0.763858889,0.30796302,229
0.928030057,0.365588664,229
0.865995461,0.119190552,229
-1.317597873,0.894230662,230
-0.247320927,-1.99684757,230
-0.366871834,-0.516954302,230
-0.856010961,0.250204578,230
-1.065333076,2.081508429,230
-2.030669445,0.469505529,230
-0.592726166,-1.346375464,230
-1.200854177,-0.413400018,230
0.036867222,-1.449079594,230
-1.743592695,0.591511005,230
-1.362946807,0.265195799,230
-1.409679989,0.217776505,230
-0.912840177,-0.152358314,230
-0.273427587,-1.301139298,230
-1.58316897,1.626901002,230
-1.793601698,1.599883687,230
-1.99954208,0.524562204,230
-0.83014598,-0.856754357,230
-1.197104217,-0.606742257,230
-1.836647187,0.990212131,230
-1.594146809,-0.027501918,230
-2.117748733,1.109657816,230
-1.415887438,1.92036101,230
-2.327319137,1.000107201,230
-2.190080952,2.553424099,230
-0.690679597,0.649189753,230
-1.370401349,0.171903394,230
-2.043388313,0.384300541,230
-1.79045141,-0.324146397,230
-1.251012284,-1.325124719,230
-0.512396076,-0.253946615,230
-1.336272437,-0.011558977,230
-1.577114916,0.836779314,230
-2.167227058,1.207618202,230
-1.126490528,-0.73946508,230
-1.177633172,-0.120137257,230
-0.821070972,-1.592379641,230
-0.663457059,-0.617506479,230
-0.926340798,-0.564036319,230
-2.786329036,0.474204431,230
-1.544759293,2.38207647,230
-1.477492923,0.775354097,230
0.184349708,-2.01015697,230
-2.107099489,0.962684661,230
-1.097473927,0.20822695,230
-2.528310102,0.446198592,230
-0.525754571,-0.314771946,230
-2.063416357,0.898990611,230
-1.686839031,-0.983773166,230
-0.803528865,-0.700475929,230
1.027287946,1.518804007,231
0.520343577,-0.104423148,231
1.018775362,-0.216247718,231
2.064121304,0.624098736,231
1.117823371,-0.847327317,231
1.556172073,-0.003015265,231
1.033288147,-0.0498642,231
2.119720444,3.118608072,231
0.542907526,-1.566011759,231
0.089743137,-0.60211773,231
1.3108932,1.478546267,231
2.175818198,1.770320086,231
1.266023947,0.091219176,231
1.507894883,0.009316653,231
0.874749786,0.017463182,231
1.140856951,-0.569036701,231
0.671528349,0.05666141,231
0.967107777,-1.004519238,231
0.897582611,0.166109047,231
1.529004275,-1.027345063,231
1.007120429,-0.451476154,231
0.90176304,1.137774975,231
0.672346903,1.176719812,231
1.171223061,-1.348382205,231
1.403274197,-0.482318251,231
1.860292767,1.931553812,231
2.72160086,0.66426311,231
0.199021664,0.291549763,231
0.888726094,-0.301225164,231
0.792336081,-0.180145438,231
0.925101406,-0.67595851,231
1.644192264,1.939706458,231
-0.296194408,-1.738559782,231
1.418569661,0.479575695,231
0.06570705,0.194588373,231
1.192079079,-0.123620439,231
0.787415431,-0.089948958,231
1.408610017,0.774828911,231
1.320693869,0.54690787,231
1.152485261,-0.227386177,231
0.314942314,0.238378144,231
1.330800811,1.038655124,231
-0.089018081,-0.729943472,231
0.66217684,-0.675214648,231
2.049565378,-0.370645177,231
0.509425014,-1.035957086,231
1.028452342,-0.591823096,231
1.2907744,1.038869969,231
0.077207943,-0.997733509,231
1.132577106,0.527119779,231
0.84171188,-2.212182842,232
-1.615602692,0.151608828,232
-1.584128202,0.370807516,232
-1.137543532,0.727785301,232
-2.673020274,1.222903075,232
-0.696676137,1.002075208,232
-0.442459483,-0.413329708,232
3.177805249,-3.362828262,232
-0.458647452,-0.357247278,232
-1.608820285,0.171439035,232
-1.404824601,-0.22564566,232
-2.650622102,1.882700744,232
-0.591109413,-0.367857943,232
-3.247242689,1.531015098,232
-0.512542112,-0.548987604,232
-2.486314418,0.771668814,232
-0.47478548,-0.110769992,232
0.115417752,-1.820939353,232
-1.315873984,-0.155515975,232
-0.267759995,-0.573181842,232
-1.487392676,0.155393304,232
0.483599592,-1.341902488,232
-0.691883621,-1.007891682,232
-1.164849952,-0.383374098,232
0.096650399,-0.602185593,232
-1.281308612,-0.31748682,232
-2.1108175,0.512850565,232
0.357590796,-0.673829704,232
-2.131492766,0.577315466,232
-0.07159181,-1.135348449,232
-0.712856144,-0.364449426,232
-1.944701045,0.605415544,232
-1.062014086,0.436782111,232
-1.263466574,0.235499892,232
-2.872063999,2.131645811,232
-0.403335895,-0.718347032,232
-0.759260734,0.317603458,232
-1.317461525,0.078266542,232
-0.680441221,-0.517127578,232
-0.059948403,-0.542618908,232
-1.153353426,-0.037670346,232
-3.44435781,2.458460349,232
0.429725516,-1.277486189,232
-1.614564929,-0.070057975,232
0.366623121,-0.493482116,232
-1.303372566,-0.593571727,232
-1.495897076,0.125864794,232
-2.711462522,2.254039515,232
-1.292242073,-0.149638204,232
-0.47017199,-0.590715605,232
0.306023842,-0.664195216,233
-0.181186247,0.068681493,233
-0.035768765,0.37577626,233
-0.28131025,-0.59582532,233
1.461035953,0.628210429,233
0.550919016,1.421589565,233
0.556686367,0.160382358,233
0.179630794,0.476621496,233
-0.160168687,0.557074425,233
0.007099184,-1.147237587,233
0.666638786,1.402666414,233
0.308602965,0.224758186,233
0.033571143,-1.080044869,233
0.834861264,-1.300169699,233
0.158807686,0.174811948,233
0.542080612,0.391075547,233
-0.388275095,0.388330397,233
0.834402152,0.997050651,233
0.224669312,1.565798035,233
0.526455477,-1.176303047,233
0.204997267,-1.110070748,233
0.135666326,0.319394637,233
-0.039587417,-1.967292592,233
-0.34705284,-0.995822143,233
0.156593415,-0.131047121,233
0.681446202,-0.765087774,233
1.189548362,1.096625118,233
0.4091312,0.654022011,233
0.479322515,1.222098035,233
0.070122666,-1.234086151,233
0.315322706,-0.063654193,233
0.097149647,0.179999347,233
1.307677367,0.486025062,233
0.776065168,1.777269337,233
0.464139656,0.71039333,233
0.202109023,-0.058433865,233
0.258041529,-0.111824197,233
1.014835785,-0.836671124,233
0.325840785,0.853128917,233
-0.231355635,-0.616632869,233
-0.381512706,0.633185129,233
0.720027215,1.226320137,233
-0.347832986,-0.919855917,233
1.275547748,-0.372222273,233
0.777639174,0.930606658,233
0.084197597,0.814874314,233
1.091508251,-0.680993924,233
0.390862163,-0.141723431,233
0.993311976,-0.182455801,233
1.118789844,1.515425946,233
0.224630046,-0.294131133,234
0.693414509,-0.676659015,234
0.58357836,0.51561515,234
-0.044737951,0.687818057,234
1.195642473,2.782048465,234
1.219556359,2.242592861,234
0.516190611,-0.02895341,234
0.160618973,-2.380314323,234
0.088433884,-0.170574603,234
0.716300774,-0.675791244,234
0.687253317,0.184481048,234
0.683394819,0.617510714,234
1.268266393,0.19860272,234
0.535455852,-0.375869513,234
1.175676839,-1.159288992,234
1.540845102,0.490749141,234
-0.406631094,-0.016927282,234
0.278466378,0.743592434,234
1.00436939,1.757500077,234
1.127566366,2.465096985,234
-0.342634468,-1.150873727,234
0.91563121,0.574274236,234
0.944124015,0.66831307,234
1.017226228,0.225717817,234
0.787424379,-1.090319364,234
0.342092209,0.033426861,234
-0.234940298,-0.151821549,234
-0.017323398,-0.843593537,234
-0.419983438,-0.599687332,234
-0.243815771,-0.359757926,234
0.575623328,0.119973174,234
0.760278503,-1.449664269,234
-0.058683278,0.400391969,234
0.706275225,0.837603678,234
1.39283329,-0.644432416,234
-0.35558144,-1.083284077,234
0.193302762,0.633463707,234
1.26973708,0.338656738,234
0.487561892,0.941615923,234
1.396873465,-0.039264328,234
0.103970843,1.195809883,234
0.821838292,0.05550799,234
0.690109387,1.445895068,234
0.785783401,-0.497412605,234
1.173989221,0.335567285,234
-0.145835452,0.135930942,234
-0.434614616,-0.584341323,234
0.915832916,-0.904736445,234
0.217104776,2.399370465,234
0.554231124,1.1170598,234
-0.229320464,0.29019778,235
-1.398767091,-0.025953037,235
0.651467746,-0.345333582,235
-0.170266674,1.163668356,235
0.460119158,0.416470971,235
0.535286642,0.098039048,235
0.143181125,-0.484227662,235
0.56432021,-0.658074725,235
-0.509339621,0.348262223,235
0.2960383,0.884410321,235
-0.378297441,1.151609644,235
-0.344434877,-0.06868301,235
-0.007344097,-0.539310694,235
-0.479063274,-1.122254584,235
0.75059677,-0.749434968,235
0.111053276,1.06839733,235
0.298255854,0.860165638,235
0.13412932,0.532509905,235
0.940905431,1.785419289,235
0.52702058,1.170653824,235
0.816792625,-0.149162293,235
0.580250406,1.022295872,235
-0.342689144,-1.080063624,235
0.555606626,0.358430572,235
1.084492542,0.721591664,235
-0.365329045,0.501099712,235
-0.690812278,-1.599896347,235
-0.072191774,0.593297749,235
-0.447896363,-1.093506885,235
-0.543103205,-1.1448501,235
0.743876673,-0.197038269,235
-0.260692155,-0.655735284,235
-0.598432074,-0.123790494,235
0.903135277,1.315600602,235
0.01470982,-0.550826302,235
0.600841542,0.930096542,235
-0.13823062,-0.105745298,235
-0.0543685,-1.402914165,235
-0.587911241,-0.033067387,235
0.530491673,0.106080969,235
-0.588461481,-0.198892601,235
0.024054294,-0.594717895,235
0.652648305,-1.306368724,235
0.83558797,0.539522912,235
-0.044183567,0.40324986,235
-0.644144686,-0.783774137,235
-0.773239427,0.560351435,235
-0.370652761,1.481162689,235
-0.090364589,-1.303821887,235
0.06600682,-0.07032146,235
-0.769791063,-0.656127113,236
-1.321390912,-1.650649371,236
-1.005419095,0.622730035,236
-1.213161195,-0.400437754,236
-1.8124277,-0.784071703,236
-1.443040443,0.318030484,236
-0.497087035,0.282014249,236
-1.91874606,1.935061198,236
-1.303921418,0.596053081,236
-0.91897929,-0.902073013,236
-0.431886101,-1.149115031,236
-0.920600774,-0.226488884,236
-1.607096081,-0.617722471,236
-1.219555499,-1.265736552,236
-1.435072906,0.121212393,236
-0.664913351,-0.522371167,236
-1.466546996,0.563100075,236
-0.01759703,-1.911869719,236
0.231591726,-0.609305286,236
-1.200546566,0.700317129,236
-1.374317368,1.096057803,236
-1.596714897,-0.522424759,236
-1.35370425,-0.866232628,236
-1.531127782,0.975948776,236
-0.086387871,-1.494234175,236
-1.763746878,0.433642022,236
0.486188129,-2.214101796,236
-1.756741226,0.748047828,236
-0.607639984,-0.901495167,236
-1.267647361,-0.445169587,236
-1.2490486,0.992368475,236
-1.381765979,-0.808381562,236
-0.582903146,-0.001062662,236
-1.06215053,0.167156784,236
-0.662012322,-0.90294752,236
-1.776252736,1.467158293,236
-1.873948506,1.714001736,236
-1.122792518,0.4377747,236
-1.665607478,-0.528468081,236
-1.668591401,0.577782032,236
-1.020302055,0.976955966,236
-1.230614535,-0.125070349,236
-1.257053031,1.571970485,236
-2.110164473,0.40698716,236
-0.352581111,1.533581942,236
-1.104617071,1.77867374,236
-1.349867848,-0.328684976,236
-1.463369311,0.14230552,236
-0.548868252,-1.347615625,236
-1.309609425,0.270591465,236
-0.862171695,0.462234725,237
0.040451666,-0.800698269,237
-0.598215245,-0.840073348,237
-1.333858127,-0.703501501,237
-0.867509633,1.719554072,237
-0.340800975,1.11951709,237
-0.920124236,-0.25053966,237
-0.94343136,1.046520096,237
-0.441513549,0.359335001,237
-0.526418352,0.037878464,237
-0.950105431,-0.523323791,237
-0.713770213,0.027900334,237
-0.852835966,1.284971933,237
-1.193487429,-0.57522804,237
-0.586487136,-0.337592147,237
-1.545161088,0.744328587,237
-0.649812531,-2.031811627,237
0.828143407,-2.205128856,237
-2.205542069,0.892041997,237
-0.874921043,0.390473845,237
-1.693158677,1.353204239,237
-0.402157317,-1.558738992,237
-0.913179329,0.344362117,237
-1.076728815,-0.60231742,237
0.132612045,1.184935205,237
-0.534831271,0.083880764,237
-1.262843328,-0.765233387,237
-0.90408045,0.592871648,237
-0.907875833,1.405407235,237
-1.450772316,1.236825027,237
-0.220245113,0.462095309,237
-1.259664658,0.531953276,237
-1.282130797,-0.009619768,237
-0.073551698,-1.089453611,237
-1.007428897,1.12548988,237
-0.770657671,-0.888440913,237
-0.669316279,-1.898134025,237
-1.241679101,-0.4643452,237
-1.475998201,-0.108887135,237
-1.181119955,0.580955211,237
-0.051840761,0.111809282,237
-0.809323366,-1.096867739,237
-0.187991616,-2.055251526,237
-0.708389167,-1.259521054,237
-1.075488777,-0.752857735,237
-0.209824941,-0.214560772,237
-1.25845217,0.192375457,237
-0.118310754,-1.53888772,237
-0.464841397,0.49452116,237
-0.485026394,-0.847617624,237
-1.174967249,-0.996572935,238
-0.988102639,-0.331718922,238
-1.390147182,-0.40566054,238
-1.517973582,0.357169232,238
-1.839301761,0.149966286,238
-1.443495867,0.056705583,238
-1.968006777,-1.515615851,238
-0.709026926,0.085377708,238
-2.36564906,-0.917656077,238
-1.36434601,-0.86180077,238
-1.072235046,-0.992522168,238
-2.23146663,-0.613449014,238
-1.576321584,0.688893693,238
-1.064247867,0.806505123,238
-2.109285813,-1.057387847,238
-1.781958594,1.771541911,238
-3.259167028,-1.923892474,238
-1.025824058,0.943682073,238
-1.301717834,-0.401044828,238
-0.726157749,-0.138708272,238
-1.646094139,-0.10316464,238
-1.848995745,-0.997246218,238
-0.740301307,1.69575252,238
-1.386274344,0.977869839,238
-0.663580011,0.678252263,238
-0.895001707,0.04406459,238
-0.74705012,1.141422421,238
-1.752025764,-1.27509303,238
0.343057517,0.905839247,238
-2.388808647,-0.926865879,238
-1.597409667,0.083658054,238
-1.577248763,-0.914780224,238
-1.375570621,0.775456664,238
-1.210738366,0.486132868,238
-0.176405921,0.259069592,238
-1.850724109,-1.231636249,238
-0.906184826,-0.115659171,238
-1.382049206,1.033311723,238
-1.502135545,-0.623225239,238
-1.556505329,-0.042404046,238
-1.708226344,0.167664614,238
-1.835099385,1.249722811,238
-1.079852724,-0.441813865,238
-2.04847781,-0.446868826,238
-2.314613418,-1.09272099,238
-1.20527161,-1.490802911,238
-0.767926868,-0.80365624,238
-1.073026006,-0.943943247,238
-2.017565344,-0.055025675,238
-0.778292291,0.892427391,238
0.218255215,1.590287943,239
1.047748155,-1.673044794,239
0.103076112,-0.489648262,239
-0.366239511,1.723882652,239
0.366798878,-1.830930793,239
1.047844722,0.085469574,239
-0.364313191,1.188857761,239
0.171788915,-0.278598183,239
1.148552592,-0.847102552,239
0.16299023,1.261198991,239
0.0442752,1.432814357,239
1.61602038,-0.862953333,239
1.16502741,0.160906976,239
-0.08361489,0.495988798,239
0.859465378,-1.485240586,239
0.967878431,-0.523735647,239
0.820533257,-0.090883034,239
0.056218642,-0.365750118,239
-0.103144799,-1.106729028,239
-0.455088881,1.986029311,239
0.039265637,0.093214399,239
0.448546066,0.891759085,239
-0.19592027,-1.360915864,239
1.090787507,1.054338006,239
0.709614593,0.464999626,239
1.522325385,-0.594363731,239
-0.266957755,0.43437159,239
0.849522895,-0.108099547,239
0.106903696,0.878238111,239
0.578530991,-0.994353095,239
-0.687448334,1.846854042,239
0.769658083,1.02246998,239
-0.382773515,1.048959727,239
-1.098409855,-0.616005743,239
0.354804882,-0.61622174,239
-0.205302712,1.212075782,239
0.242515329,1.521875463,239
-0.125305676,0.533761768,239
0.751067016,-0.585806421,239
-0.613884176,1.426577504,239
0.723380054,-0.290463006,239
0.593326741,0.141714897,239
1.289069276,0.199955485,239
0.507136445,-0.236660908,239
0.042349119,0.439744266,239
0.038684017,0.112156001,239
0.696054023,0.041284335,239
-0.098473748,0.443170332,239
0.673481623,-1.702350091,239
0.509355078,-0.634464013,239
-0.973702717,0.531475722,240
-0.773201193,-1.229314945,240
-1.467971549,-0.145388667,240
-0.84772774,-1.023677421,240
0.003559041,-2.205174396,240
0.543538524,1.088394132,240
-0.922657377,1.785458681,240
-0.876686963,-0.821598142,240
0.099536992,-0.027236088,240
-1.367396368,0.25780044,240
-0.898785473,0.383251448,240
-1.526537001,-0.195980427,240
-0.553149012,0.486044252,240
-0.698008397,-0.138826329,240
-0.451735483,2.49478066,240
-1.201612463,1.609622775,240
-0.830293025,-1.31987279,240
-0.542503837,-0.337993926,240
-1.258278395,0.764428843,240
-1.689251433,-1.601008047,240
-1.489529835,-1.268192667,240
-0.840873822,-0.017865088,240
-0.843812049,0.328145286,240
-0.63721002,0.663995835,240
-1.862593015,1.562300061,240
-0.145103554,-1.218750615,240
-1.730944066,0.527948051,240
-1.893112447,-0.481404056,240
-0.924668204,1.022330332,240
-0.635241203,-0.580449077,240
-0.903641252,0.755845865,240
-1.234544991,1.421009476,240
-1.372319962,0.052801438,240
-0.556170616,1.493019765,240
-0.895185541,0.447378569,240
-0.266149772,1.549226078,240
-0.18631215,0.029512331,240
-1.451136191,1.009143807,240
-1.330808842,-0.632552451,240
-0.049291519,2.144894825,240
-0.765722752,0.991635306,240
-1.188663238,0.111300969,240
-1.603920728,-0.094004174,240
-0.420845436,2.282700769,240
-1.048557775,-0.739563985,240
-1.247160094,-0.53959309,240
-1.278157315,1.254325698,240
-0.676427009,-0.337113989,240
-0.831830497,-0.093449036,240
-0.721522976,-0.754890577,240
0.057048055,-1.141886198,241
2.337542045,1.447544827,241
2.034581214,1.054454038,241
1.802073117,0.468269497,241
-0.185822508,-0.934389684,241
1.807278847,1.365173295,241
1.210090222,-0.146154214,241
0.180425723,-0.874866498,241
1.25610106,-0.556984927,241
1.398589641,-0.631513153,241
-1.037527413,-1.785809899,241
0.259930288,0.446627079,241
0.606762501,-0.316147286,241
1.917013342,0.477657401,241
1.243941143,-0.442658166,241
0.715076208,-0.835316209,241
0.969925757,-0.488933741,241
0.912030338,-1.026208823,241
0.558399616,-0.262923431,241
1.21786502,-0.755532448,241
2.06861407,0.199749271,241
-1.17258683,-2.515307928,241
0.034980438,-0.206813097,241
1.431470474,0.030920821,241
3.19303547,1.938132998,241
2.315158383,1.550086785,241
1.174259723,0.590219791,241
2.375774496,0.53317902,241
0.38127632,-0.597003453,241
2.058337333,0.936305753,241
0.368733035,-0.659753832,241
1.962913329,1.109447505,241
0.072227594,-0.757838312,241
1.101713954,0.347450359,241
1.447027054,0.167662951,241
1.066381086,-0.268405289,241
0.719629448,-0.645146631,241
1.77481531,0.064923117,241
0.574225864,0.101433245,241
1.597598195,-0.451407974,241
2.160264246,1.338568306,241
3.009571502,2.570642244,241
-0.771136566,-1.610310357,241
-0.748609072,-0.784176684,241
0.328687413,-1.736257426,241
1.327233531,-1.039985373,241
1.984958041,0.6866423,241
1.251986256,-0.10269043,241
1.164750161,-0.722860987,241
1.968937792,0.239646741,241
-2.989079701,-2.288703051,242
-0.805230756,-1.071605546,242
-2.011132439,-2.327627895,242
-2.253972622,-1.882298236,242
1.963376579,2.43353708,242
0.699156204,1.36111995,242
-1.151441284,-0.501611513,242
-0.505599512,-0.218739347,242
1.023870346,1.243169109,242
0.330051955,-0.067040803,242
-0.646130662,-0.162676336,242
-0.188274827,-0.226151329,242
-0.585462752,0.336897912,242
-0.396633625,-0.944919846,242
1.361472566,0.572922969,242
1.239109187,0.967108111,242
0.031094724,-0.621646347,242
-1.525402609,-0.766028926,242
-2.85212746,-2.111524168,242
-0.099701885,-0.416313881,242
0.002077681,-0.07386509,242
0.103126159,0.119723828,242
-0.652732557,-0.286577584,242
-1.268573266,-1.036400034,242
0.516700137,0.519559966,242
-0.579111911,0.360370659,242
-0.00562979,0.358964654,242
-1.843867836,-2.921943649,242
0.154775172,-0.027428838,242
-0.219985745,-0.039956753,242
1.550292213,1.28449907,242
0.125811927,0.162313584,242
0.215476067,0.581774278,242
-1.138105385,-1.338050247,242
-0.898885162,-0.455653636,242
0.103019772,0.152477522,242
0.006818234,0.595815461,242
-0.146900017,0.002066419,242
-1.871068311,-1.620646919,242
0.806821236,1.526237499,242
-2.702839145,-3.155851562,242
1.04997332,1.026775561,242
-1.123909668,-0.426725751,242
-0.217987658,-0.351964068,242
0.18245988,-0.179381845,242
0.074503371,-0.019995572,242
-0.176374995,-0.464841698,242
0.791652093,0.884202278,242
-0.060406501,-0.394728193,242
-1.245327145,0.017427739,242
1.312876343,0.817378592,243
1.26953935,0.622583008,243
1.724854248,0.354229674,243
1.582214597,1.175648615,243
1.549810988,1.910585755,243
1.283963761,-0.540986177,243
0.399312702,0.950567108,243
1.926245394,-0.00209739,243
0.971667422,0.777499759,243
0.937144675,-2.059930307,243
0.304538241,-0.463637347,243
1.16355724,0.274446639,243
0.251414851,-2.083197479,243
0.15267035,-1.22962515,243
1.127931621,-0.730843917,243
0.628171925,-1.022902774,243
1.89191966,0.125516502,243
0.752261881,-0.791334766,243
0.785953719,-0.553287883,243
0.504491673,-0.429897672,243
1.847181327,-0.113340171,243
0.801972924,-1.459184871,243
1.036713471,-0.332693518,243
0.150425542,-1.462426683,243
2.003164501,2.048192023,243
0.945621465,-0.668287329,243
1.960181211,1.188847439,243
1.368006609,0.729691949,243
0.10468821,-0.191283244,243
1.175790507,1.241040736,243
2.284969518,-0.820879058,243
0.667326144,-0.289000801,243
0.509757505,0.130248054,243
1.363888812,1.179502695,243
1.238982608,-0.847975005,243
1.528167657,-0.102694249,243
0.956671155,1.322554237,243
1.875140668,0.354119524,243
0.575299768,-0.779080766,243
2.299402,1.433021082,243
0.280610343,-1.606148065,243
0.128058135,0.371515498,243
1.236413017,-0.765555502,243
0.226278325,0.234229422,243
1.310308147,-1.412115385,243
1.506862011,0.674705862,243
1.118473935,-0.713576939,243
1.257755557,0.337595182,243
0.943005139,-0.333705539,243
0.731330199,-0.191107855,243
1.340533719,-0.16626069,244
1.243803714,-0.233366714,244
1.109742247,1.568363892,244
0.513873537,-0.846947117,244
0.723080849,0.27930301,244
0.212242071,-1.316539618,244
1.106784033,0.468749416,244
1.840639704,-0.889370829,244
1.634118211,-0.881235595,244
2.30085624,-0.298858469,244
0.928602945,0.843544586,244
1.963352152,-0.008519496,244
0.652024223,-0.632901588,244
0.349057892,1.996186892,244
0.311152702,1.075378622,244
1.36361376,-0.659030628,244
0.960358711,-0.784574327,244
0.671473986,0.893132444,244
2.122955797,-0.748581119,244
1.464428045,0.144777774,244
0.627993835,0.267617775,244
0.479861211,1.04072574,244
0.046664427,0.095114924,244
1.027568377,-0.672750841,244
0.975689687,-0.373212388,244
0.425489182,-0.164410914,244
1.51392443,0.469056873,244
0.829932625,-0.806815698,244
2.086525872,-1.248541124,244
0.370607345,0.983431652,244
0.624215591,-0.611876244,244
1.954019169,-0.543183356,244
0.354186421,0.849415335,244
1.866716624,-1.197711374,244
1.502629873,0.222788155,244
1.176976894,-0.223636867,244
1.910235685,-0.382003454,244
0.594136485,1.741316539,244
0.510929432,0.778366871,244
0.813393776,1.178541977,244
0.892939555,-0.457325787,244
1.730927224,0.017888558,244
1.910498648,-0.257714469,244
1.583776991,-0.906356031,244
0.666281596,-0.550929522,244
0.743459166,0.955162891,244
1.766544977,-0.351580839,244
1.085851571,-2.155655902,244
1.509082907,-0.637666773,244
0.547496808,0.174346551,244
0.799539751,-0.632137921,245
0.46455736,-0.369527283,245
0.719060971,1.256671174,245
0.006701156,-2.539102365,245
0.284065276,0.232489539,245
0.360882068,1.272825669,245
-0.091433062,1.513949164,245
0.311925063,0.21611336,245
-0.626705313,-1.292593182,245
0.376631362,1.666160809,245
-0.873125257,0.655783434,245
-0.209784719,-0.043630567,245
-0.285213272,-0.019357191,245
-0.015105669,-0.123778155,245
0.444288043,0.40949639,245
0.09265348,0.3663044,245
-0.326594724,1.589567425,245
-0.9786732,0.452970842,245
-0.276213139,-1.204325423,245
0.908782422,-0.310058771,245
0.105895536,0.046888436,245
-0.091156613,-0.043646158,245
-0.102712564,0.368234919,245
-0.209356659,-1.286424251,245
0.469239489,0.723436045,245
-0.347508288,0.452693094,245
0.188578899,-0.885696398,245
-0.663447423,0.701213216,245
-0.624369553,0.890824724,245
-0.302286071,-1.60529035,245
0.177675137,0.119883826,245
-0.596468223,-1.158744855,245
-0.112512047,-0.916472048,245
1.059823582,-0.580620927,245
0.4594982,-0.860936667,245
0.053765832,-0.265738098,245
0.536638442,1.098472936,245
-0.151273292,1.885813404,245
0.115939075,2.146066977,245
-0.053080273,-0.095987739,245
0.279473735,0.141231332,245
-0.015956794,0.774694682,245
0.496657864,-0.73538179,245
-0.192057131,0.495979893,245
0.590593681,-0.830300228,245
-0.179747051,-0.469364964,245
-0.580579636,-0.079707039,245
-0.041109726,0.080967141,245
0.324553531,-0.404622178,245
0.061468337,2.117310432,245
2.298525966,3.060536777,246
-1.808174146,-1.175549185,246
-0.307305609,-0.391731417,246
1.344691178,1.009371684,246
0.742904191,1.116080123,246
1.029521375,0.406762686,246
0.61604243,0.703128133,246
-1.018081347,0.167067851,246
-0.234951013,-0.316681748,246
0.992878164,0.61551457,246
-1.690053684,-1.498544846,246
0.611109824,0.410825957,246
-0.68158431,-0.690579652,246
-1.575974998,-1.282399492,246
3.288078837,2.682705698,246
1.487167631,1.524982267,246
-3.170166894,-2.272126388,246
-1.034628744,-1.55162521,246
-2.189690282,-1.640258687,246
-1.243924389,-0.714522789,246
1.708590837,0.77163371,246
-1.981947836,-1.43360447,246
-3.172409486,-1.868746746,246
-1.589807291,-1.250436041,246
-0.108549961,0.202175223,246
0.274116916,0.181068151,246
0.623139918,0.781965845,246
-1.128959274,-0.857315859,246
0.753487523,0.762392294,246
-1.116207326,-0.923936922,246
-1.096951455,0.251508328,246
-0.198756284,0.694532165,246
-0.812099363,-0.306942499,246
-1.330277776,-0.947504351,246
0.018701545,1.484777749,246
0.091026789,-0.600750896,246
1.600091418,1.80262506,246
-1.052898773,-0.232574983,246
0.974736307,1.06172552,246
0.499607002,0.620824588,246
-1.459072951,-1.243432768,246
-0.484144832,0.45404597,246
0.571966084,-0.03709027,246
-2.150105981,-1.981549269,246
-0.507132349,0.45105928,246
-0.002766885,0.491463423,246
-0.341689267,-0.000585552,246
-1.227049071,-1.023724012,246
0.427718021,1.03576865,246
-0.171233056,-0.684987968,246
-0.110484907,-0.821667612,247
-0.574015878,1.894824647,247
0.953096032,0.903421781,247
0.620936359,-0.866600031,247
1.060035284,0.867403724,247
0.819265963,0.306216262,247
-0.11766607,1.47711477,247
1.896311928,-1.274637788,247
0.730682746,-0.283441503,247
0.753640272,-0.324801269,247
1.250655747,0.267882725,247
0.04646739,-0.52135565,247
-0.152502615,1.022606681,247
1.145526795,0.584867863,247
0.092103158,0.512098249,247
0.824685131,0.503671297,247
1.30446344,0.137564941,247
0.623204297,-0.271932788,247
0.70470876,-0.625513387,247
0.754932883,-0.590117051,247
2.181324502,-1.133670869,247
1.400383911,0.023410274,247
0.050538842,1.829302592,247
1.196812179,0.434877168,247
1.076612303,0.458783371,247
-0.211761664,0.502837853,247
0.525113101,0.36480947,247
1.335048666,-1.141671311,247
1.924130585,-1.859522486,247
-0.667602817,1.652184603,247
-0.245455189,1.451197256,247
0.725064018,-1.255079796,247
-0.320891824,-0.923021126,247
1.44161877,-0.240132969,247
0.573250597,0.522645943,247
0.543071735,0.622944467,247
0.020999687,-0.851523633,247
0.263117445,-0.010965582,247
1.738079784,-0.694925981,247
0.38216224,0.222279313,247
1.876439123,-1.226483848,247
0.116565424,0.159059008,247
0.258552529,0.310017027,247
1.55839332,-0.976446505,247
0.230969907,0.821591564,247
1.085414927,-1.815118802,247
2.233900571,-0.174355346,247
1.653460119,0.058303194,247
-0.262686937,-0.716018854,247
1.499142504,-1.107871743,247
-0.64078789,0.121217798,248
-0.125535634,-1.152006287,248
0.546553161,-2.438284094,248
0.13620092,0.167372753,248
-0.136633159,1.327594187,248
0.441448238,0.066716175,248
-0.297125345,0.45319109,248
0.065765196,0.630567386,248
0.048135301,-0.021802145,248
-0.647842302,-0.373620938,248
-0.429155101,-0.063920802,248
-1.279674197,0.093142617,248
-0.544406615,0.957457867,248
-0.578351565,-0.652884885,248
-0.350315337,0.406294734,248
-0.68921971,0.045659488,248
0.137054243,-1.221544752,248
-0.169569301,-0.008742334,248
-0.586181686,-1.256745937,248
-0.954237809,2.006421838,248
-1.290888595,-0.12040733,248
0.359061592,-0.74818571,248
-0.488382058,1.287577308,248
-0.412617862,0.706734787,248
-0.169537567,-0.13081463,248
-0.535081896,-1.31328045,248
0.45165311,-1.250347506,248
-0.326381355,0.552663218,248
-0.290494459,-0.17708284,248
-0.934363127,-0.3027987,248
-0.608220703,0.927336313,248
-0.5740647,0.629054719,248
0.181492875,1.151583276,248
-0.307019889,-1.010536548,248
0.28156409,0.753856816,248
0.079436966,-0.096223142,248
0.330248926,-0.433377416,248
0.092926435,0.906713321,248
-0.239708921,0.424442575,248
0.133076844,1.548746718,248
-0.381302216,-2.215824373,248
-0.128359127,-1.604624911,248
-1.084642377,-1.346646585,248
0.548013316,0.39917289,248
0.46126199,0.034314108,248
-0.518011677,-0.3364107,248
-0.975656359,0.455260888,248
-0.247169678,0.838939213,248
-0.373518024,-0.454126512,248
-0.026727848,1.55834358,248
-1.385848071,1.09952416,249
-1.140983193,2.223820102,249
-1.549009957,-0.721081192,249
-2.19860735,2.645763509,249
-0.91748136,-1.205064901,249
-2.066073754,0.495528947,249
-1.698948459,-2.047745924,249
-1.634579846,1.467865659,249
-1.239243821,1.712300787,249
-0.416432418,-0.149973834,249
-0.667868297,-0.631541901,249
-1.172997169,0.429451293,249
-1.194435658,-0.172660228,249
-0.960005746,-1.076710986,249
-1.968080182,-0.763176853,249
-1.983676177,-0.036248654,249
-1.596288558,-1.038938177,249
-1.376098897,-1.182604476,249
-1.504265487,0.24164314,249
-1.997471611,0.607167191,249
-1.105731901,0.19167261,249
-2.136002486,0.133262963,249
-0.971202625,-0.487667133,249
-2.165683842,1.279002039,249
-1.6750167,-2.155716208,249
-1.055518291,-2.15260953,249
-1.947792477,-1.414314938,249
-1.766552216,-0.455131863,249
-1.123032446,-1.718640864,249
-0.969116454,0.413853144,249
-2.2686525,0.57284303,249
-1.440122177,0.374866653,249
-1.840204473,1.718712882,249
-1.531595353,1.551077797,249
-2.459355498,0.668277602,249
-2.133576001,1.667495348,249
-1.093789102,-0.910522288,249
-1.332282513,0.41177039,249
-1.816586616,0.92322973,249
-2.593831262,1.33542695,249
-1.99375968,-0.579540649,249
-1.962815466,-0.174337848,249
-1.353493122,-0.863334652,249
-1.542000567,-0.753696697,249
-2.390659074,-0.740157741,249
-1.955273624,-0.73548123,249
-1.852788293,-0.399057268,249
-0.159104693,2.166081748,249
-2.734954665,-0.186799599,249
-2.169738954,0.81910334,249
1.024641168,0.14031648,250
1.183410644,0.232972334,250
0.230946755,0.244705538,250
0.605441194,0.974687862,250
-0.176133321,0.610440284,250
0.933843419,1.320235918,250
-0.504925631,0.673050465,250
0.884023706,2.65249965,250
0.782079644,-0.939110564,250
0.096201496,2.332467219,250
-0.480937551,-0.951475861,250
0.647262168,-0.322726221,250
0.899921198,1.906259995,250
-0.079387973,0.002406133,250
0.395187683,-1.377710945,250
-0.203263834,-0.828108665,250
-0.620769566,1.925658157,250
0.799535717,0.099681718,250
-0.633487172,-1.182867305,250
-0.257863883,-0.572160674,250
0.676272431,-0.428991071,250
-0.091051569,1.242157728,250
-0.005034681,-0.473939542,250
0.811732721,1.09583947,250
-0.560186694,0.692094147,250
-0.023553191,1.582563866,250
0.181912657,-1.320392927,250
-0.157067038,-0.138914164,250
-0.245766682,-0.566010269,250
0.026197889,-0.831724266,250
1.246505202,0.100803518,250
-0.010664325,0.781180854,250
0.712075485,1.612314726,250
1.124946159,1.074639851,250
0.551437004,-0.458434679,250
0.595744162,1.431301,250
-0.114895249,-0.940021102,250
2.150369559,0.595454083,250
0.834672844,-0.048292896,250
-0.328252696,-0.163237349,250
1.067918825,0.054905312,250
-0.069261185,-1.008096418,250
0.737258986,0.137250482,250
1.027627331,0.392613796,250
0.451158361,0.312276161,250
0.623246662,0.198343487,250
0.182339511,-0.08804265,250
-0.04630752,1.315823495,250
-0.153730109,-0.261609547,250
0.238386621,1.918192303,250
-0.633062913,0.435029764,251
0.938063746,-0.738643578,251
-1.817665258,1.326711935,251
-0.419383176,1.575382642,251
-1.138765712,-0.003878135,251
-0.944906296,0.894866423,251
-1.499964802,1.6229929,251
0.056754199,1.001967574,251
-1.397871189,0.820603779,251
0.982932548,-1.144220177,251
0.839946109,-0.897542436,251
-1.376455172,2.808106215,251
0.438017419,-1.593077513,251
0.67624754,-1.631388617,251
0.093790895,0.412258683,251
-0.604863288,0.997901296,251
0.071549505,-0.165823047,251
-0.967630328,1.833044624,251
0.610276886,-0.682956448,251
0.384755944,0.680772047,251
0.648452458,0.523529982,251
0.434505983,-0.313179222,251
0.898546907,-0.286783147,251
-0.271589288,-0.625657707,251
-0.185718932,-0.035722099,251
0.549107001,-0.144260305,251
1.546452483,-2.462695194,251
-0.403750973,1.269190123,251
-1.863839817,1.348416532,251
0.531224466,1.417670098,251
0.346235743,-1.465615717,251
1.057966703,-1.230898975,251
0.947867021,-0.992347674,251
0.968053151,-0.843053796,251
0.620465875,-1.240914254,251
-0.594438651,1.335674918,251
-1.675279463,0.23100541,251
-0.616923647,0.724707502,251
-1.109061107,0.796322369,251
-0.027743109,0.410403467,251
-0.786836349,-0.259983957,251
0.045049753,1.39188444,251
-0.758623482,1.420137657,251
0.071397918,-0.42929843,251
-0.750157472,0.775829364,251
-0.798911198,0.464234097,251
-0.39679971,0.869368161,251
0.534325236,-1.217673189,251
0.261674265,0.259692922,251
-0.368301151,-0.093396294,251
0.598723389,0.468594523,252
0.005564774,-0.051945757,252
-0.262470821,-0.654664764,252
2.028432376,1.737843351,252
-0.154747312,-0.049087948,252
0.006425581,-0.064353372,252
0.425577143,-0.033178201,252
1.98337849,2.757574732,252
0.868892373,0.94491149,252
0.423212987,1.427976551,252
0.442843593,-0.336115513,252
-0.454008899,-0.511461386,252
-0.7076147,-0.586462792,252
0.473725007,0.067120873,252
1.274409671,-0.100428574,252
0.286796389,-1.531382479,252
-1.64950832,-0.863380226,252
0.125399372,0.351516292,252
0.474816756,-0.371394386,252
-1.262930239,-0.739362641,252
-0.851726724,-0.686685207,252
-0.342946212,-0.401370405,252
0.146980753,0.240374301,252
-0.427645672,-0.905803168,252
-0.045383439,0.060916817,252
-0.13539342,-0.833584474,252
0.252179106,1.19065699,252
-1.110656627,-0.542044278,252
-1.625591345,-2.452081113,252
0.274986541,0.067140155,252
0.348436836,-0.438439536,252
1.080417388,1.028228543,252
0.002824577,0.26895009,252
1.34239954,0.10310136,252
-0.665291253,-0.898706313,252
0.870029782,0.463688035,252
-0.94355499,-1.841624872,252
-0.013905636,-0.094786097,252
0.153249324,-0.714147698,252
-0.243349346,-0.629947633,252
-1.149259902,0.111617484,252
-2.242198699,-2.564189646,252
0.796635195,0.900666675,252
1.408732608,0.366234552,252
0.280542284,-0.362322033,252
0.953873079,1.385991169,252
-0.081352561,0.085657404,252
-0.812894295,-0.709294388,252
-0.42280874,-1.709902476,252
-0.116194304,0.196128561,252
-0.989531393,-0.597971193,253
-0.620626644,-1.054025168,253
-1.211667221,1.141076217,253
0.385250899,-2.614111285,253
-0.453306815,0.533322136,253
-1.30066825,0.374818428,253
-0.588554032,0.962360323,253
-0.189677651,-1.072304833,253
-1.266775169,-0.211029331,253
0.22658934,-0.079149414,253
-1.267174963,0.526996797,253
-1.429476973,0.658996181,253
-0.485216838,-0.246582336,253
0.17433933,0.837441548,253
-0.34598023,1.35470809,253
-0.931949754,0.364356121,253
-1.122378453,-0.462550708,253
-0.231630184,0.842234481,253
-0.532776706,0.21344192,253
-1.084991878,-0.421321038,253
-0.196458829,-1.37958574,253
-2.409830919,1.708432781,253
-0.719839174,-0.833768382,253
-0.957824888,-0.510641215,253
-0.699743649,0.364469096,253
0.349855637,-1.245087191,253
-1.014812927,-0.02141189,253
-0.893460982,-0.759191842,253
-0.408840451,0.628723666,253
-1.093787102,1.245750007,253
-0.646122044,0.856718021,253
-0.843016438,1.290437339,253
-1.475856242,-0.73626135,253
-0.819323143,0.111029767,253
-0.405987001,0.738919678,253
0.228754819,-2.133553949,253
-0.495765729,0.651707322,253
0.091401237,-1.507252027,253
0.395076878,-1.745988521,253
1.112075421,-0.232267213,253
-0.587217791,-1.3552146,253
-1.129565925,-0.34218367,253
-0.587682651,0.381393345,253
-0.901554263,1.042588559,253
-1.522658901,-1.19043773,253
-0.348093764,1.651238971,253
-0.84789868,0.502703997,253
-1.603157335,0.541129655,253
-0.312358723,-1.721630545,253
-1.315532246,0.038331321,253
0.747880555,-0.096523313,254
-0.106148208,0.879807674,254
0.803340284,0.705175903,254
0.134435377,1.090730371,254
0.464503823,0.453438198,254
-0.194057785,0.972936589,254
0.468293928,-0.532435416,254
0.529758456,-0.520301331,254
0.783199758,-0.735234597,254
0.415851669,2.05153326,254
0.535114906,1.007898045,254
0.596572035,-1.464534221,254
1.287987817,0.957391587,254
1.116985591,-0.782564132,254
0.715294636,-1.832271521,254
0.170907861,-0.384989787,254
-0.713438936,-0.778533315,254
-0.113444858,-0.385002441,254
-0.193803422,0.168678127,254
0.580409167,-0.055394866,254
-0.474692617,-0.044544848,254
0.947137253,0.293903209,254
0.15840154,-0.554725298,254
1.12715005,0.126250738,254
1.315780495,0.135788127,254
1.239742444,-1.304227541,254
1.133628162,-0.459235197,254
1.457607999,-1.637633574,254
2.000067672,0.646761979,254
-0.029889856,0.393382059,254
0.49893119,1.025251711,254
0.978014011,-2.043924846,254
1.017660982,-0.610996309,254
0.581436412,1.631622987,254
0.963946934,-0.509167881,254
0.287545665,-1.029481082,254
-0.215242428,0.282428314,254
0.927538111,0.284120113,254
-0.024146804,0.607997904,254
0.714841739,-1.092650635,254
1.00569552,-2.332698518,254
0.664527256,0.389482596,254
0.558828318,1.835560042,254
1.275364113,-0.527909707,254
0.653344563,0.161777793,254
0.353051614,1.700453948,254
0.512212699,0.696272819,254
0.62650881,-0.364109739,254
0.07372757,0.745519852,254
-0.01270555,-0.57497081,254
0.17975337,0.140622029,255
-1.105724481,-0.131356087,255
0.288546903,-0.550586175,255
-0.15715291,1.396866582,255
0.162276508,0.649480318,255
-0.832540689,-0.149879834,255
-0.321589088,-0.263740006,255
0.385550512,-0.155510548,255
-0.032407762,-2.350920822,255
-0.932453078,0.43582711,255
-0.082840212,-0.048418869,255
1.154349098,0.694469895,255
0.606526351,0.804394022,255
0.345842833,1.218838957,255
0.665189727,-0.751818558,255
-0.890647488,-0.300899697,255
0.145643553,0.197044138,255
-0.474246785,-0.145053121,255
-1.08868616,-0.868905859,255
0.213047767,0.364666998,255
-0.663734362,-1.521865007,255
-1.043188939,0.314761646,255
-0.416153569,-1.18024195,255
-0.553984595,-0.957623504,255
-0.977359912,-0.596432689,255
-0.231983077,0.276157154,255
-0.690942704,-0.973726193,255
0.193382932,-1.110135493,255
0.150349118,0.310391165,255
-0.970033704,-0.826741322,255
-0.334383159,-0.085381375,255
-0.047894553,1.14571939,255
-0.222221613,0.453436723,255
-0.550634169,-0.233128018,255
-0.235390101,0.02960534,255
-0.425904319,0.224057872,255
-0.084375253,0.910392404,255
0.290338919,0.306604788,255
0.989601449,0.347783435,255
0.318668482,-0.217215228,255
0.489822874,0.864386994,255
0.145576478,2.01537359,255
0.067224471,-0.426846893,255
-0.295971331,1.503347462,255
-1.030198472,-1.34009241,255
0.464671473,-0.262969221,255
-0.123367768,0.139995904,255
0.41365705,-0.043751003,255
-0.40058275,-1.097909276,255
-0.221688911,-0.661987219,255
1.573052583,0.942960693,256
1.92413023,-0.104060617,256
0.069399678,2.400706375,256
0.131044725,0.347905102,256
-0.973794249,-0.022999469,256
1.539639635,-0.297351663,256
0.048641577,-0.559418212,256
0.285559544,-1.369311496,256
-0.364630725,-0.526756779,256
0.018681148,1.047557916,256
0.273798102,-0.394716655,256
1.421337983,-0.671186618,256
0.36443871,0.377327371,256
0.807875131,0.540317621,256
0.469820083,-0.838621229,256
0.221883012,-1.176186601,256
0.466333971,1.443666384,256
0.784234243,1.368963364,256
0.968078343,-0.464381261,256
-0.019209146,-0.625264824,256
0.636912332,-0.392971358,256
0.237914346,-0.045793953,256
0.962087756,0.590877686,256
0.153829635,-1.099741684,256
0.460672351,-0.047323782,256
0.734116428,0.002653486,256
0.941317226,0.71323055,256
-0.663720484,0.722905983,256
0.980090292,-0.170963375,256
0.244219376,-1.204601693,256
0.831970641,-0.031114556,256
0.319246766,0.623931405,256
-1.017923816,1.114994973,256
-0.094047209,-0.332050171,256
0.422655473,1.068237527,256
2.018295952,0.776595909,256
0.878277324,-0.183076502,256
-0.038844158,0.418399758,256
1.337162033,-0.132725585,256
1.400743024,-0.549875328,256
-0.839199659,1.64340042,256
0.411218788,-2.585902251,256
0.273966711,-1.031212481,256
-0.466351963,0.674700851,256
0.139848663,2.184327224,256
0.843518059,0.932244943,256
0.205044966,-1.018539481,256
1.156430487,0.001742285,256
0.472069881,0.663799008,256
0.080928645,1.631806851,256
-0.448573101,-3.00227754,257
-1.974760874,0.260236286,257
-1.94225449,-0.462979973,257
-0.699607533,0.673336638,257
-2.460688827,-1.216877905,257
-1.72469238,2.113754511,257
-1.18712073,-0.493491842,257
-1.661022869,-0.065045535,257
-1.451213244,-0.041917995,257
-1.80982787,0.327508049,257
-1.165842771,1.031695087,257
-1.885704728,-1.10313286,257
-1.597814216,-1.764454832,257
-1.944897647,0.663640105,257
-1.846864805,-0.235145528,257
-2.139340852,0.340822986,257
-1.770492673,0.052669785,257
-1.306064884,-1.215682647,257
-2.051288512,1.474108268,257
-2.050462533,0.92443537,257
-2.2180537,0.040621356,257
-0.98656901,-0.029792769,257
-2.088170845,1.920514247,257
-2.489322366,-0.653153149,257
-0.402539766,0.593613772,257
-2.14019365,-0.14103519,257
-2.110555728,0.003949935,257
-1.095632911,-0.043004568,257
-1.594065025,-0.249935093,257
-0.810172726,1.066007654,257
-0.82352257,-0.286319804,257
-1.507972684,0.043658636,257
-1.659204212,0.511626914,257
-1.545947258,1.0392017,257
-1.819272957,-0.226260087,257
-1.375898104,-0.057253984,257
-1.544285681,-0.439825908,257
-1.709388531,-0.489943796,257
-1.95341419,-2.505578323,257
-1.518887397,2.069911522,257
-0.895408754,-0.523823221,257
-1.431323824,-0.531429573,257
-1.221188712,0.709944504,257
-1.301364659,0.28299795,257
-2.186914171,-0.378211784,257
-1.994990362,1.001420249,257
-2.150777886,0.451430839,257
-1.747455494,1.105061038,257
-1.208078401,0.395662561,257
-1.811397793,-2.235540512,257
1.781389853,-1.468462657,258
1.824696971,-1.035614595,258
0.854534608,0.262899626,258
1.583065236,-1.594089903,258
1.262581146,-1.373733214,258
0.152796385,-0.305064434,258
0.768951249,-0.765773894,258
0.572960238,-0.438349936,258
0.841133377,-1.282139179,258
1.309524059,-1.186229322,258
1.975768673,-1.878200869,258
1.102998527,0.208334644,258
1.555319907,0.095072567,258
2.532716908,-0.268914606,258
0.564668587,-1.178188593,258
1.334978354,-1.834608967,258
1.78515296,0.245322143,258
1.108990762,-0.045000683,258
1.550186862,1.84587149,258
1.328583674,1.169105264,258
1.678957191,-0.833210503,258
2.062246684,1.462825953,258
1.625352474,-1.122513256,258
0.403267161,-0.511165881,258
2.252815592,0.486888149,258
1.425525457,0.466161511,258
1.753648686,-0.411528336,258
1.758965988,0.940194599,258
1.647320858,0.171400626,258
2.102544545,-0.931676698,258
1.177868824,1.504058408,258
1.708938112,1.029806082,258
0.660156268,-0.381465229,258
0.984708347,1.22128427,258
0.454265418,-0.730038641,258
0.740052406,-0.061376721,258
2.197605712,1.199756773,258
1.179216113,-0.468698346,258
2.193335227,0.369793705,258
0.785360582,-0.807767316,258
2.194463765,-0.960150599,258
1.66827532,0.484553227,258
2.179642557,0.892633655,258
2.309577335,0.064487351,258
1.799356084,1.014649917,258
1.190050153,0.36829244,258
0.900708078,1.184180188,258
1.476702336,-0.552489585,258
1.990033235,0.680815027,258
2.209021386,0.482395613,258
-1.53517614,0.434014765,259
-1.668362082,0.967746418,259
-0.762072478,-2.227458524,259
-1.20486631,-2.742112509,259
-1.070706562,-1.366493667,259
-0.634566413,-2.162802791,259
-2.442096053,0.743525459,259
-1.942954225,1.320827026,259
-2.198492919,0.132058653,259
-1.312787156,-0.105261715,259
-1.092208433,-0.892361409,259
-0.558817241,-0.713962144,259
-1.554124548,-0.112140484,259
-1.8624795,1.538019116,259
-0.80993175,-1.213737877,259
-1.176167934,-0.227849231,259
-1.558532946,0.03202509,259
-1.366068428,-0.362560743,259
-0.674904482,0.106879737,259
-1.838354135,1.423546117,259
-1.576087185,-0.156533256,259
-0.589002263,-0.674461819,259
-2.324226834,0.489296418,259
-1.323724076,-0.023352405,259
-1.372121774,0.005724584,259
-1.830499926,1.889032907,259
-2.656183903,0.222424373,259
-1.088573867,-0.537257385,259
-2.148937299,0.562071488,259
-1.776381285,0.974673587,259
-1.686835701,0.259734262,259
-1.152150338,-1.062204714,259
-2.009567964,-0.64107517,259
-1.59810102,1.30725046,259
-2.094593552,1.084606568,259
-1.710680855,0.917234417,259
-1.906674635,0.020519339,259
-1.53878241,-0.559216005,259
-0.969062604,-0.639640867,259
-0.677382004,0.402505402,259
-1.913201506,1.444707229,259
-2.221805004,2.023775636,259
-1.156440989,0.563646766,259
-0.376840892,-1.511310302,259
-1.073864923,0.366312474,259
-1.746437856,-0.627526327,259
-1.243462286,0.253566889,259
-0.860483273,0.808895472,259
-1.923093526,1.834426306,259
-1.847826803,-0.652144809,259
1.143631505,-0.415799992,260
0.998890882,0.936252948,260
1.245109883,1.12543175,260
1.509707156,-1.792688524,260
1.398014319,1.357192791,260
1.95635236,-0.293546644,260
1.377137057,-1.998568119,260
1.480776606,-0.320450255,260
0.290524886,-1.285229283,260
1.026114563,-0.347817893,260
1.393225612,0.298854292,260
2.020134123,1.448664215,260
0.598424078,0.032405197,260
0.195711479,0.440840825,260
1.184614813,0.451262473,260
1.495205728,0.638746442,260
0.891797559,0.056386279,260
1.3546558,-0.540400437,260
1.56446679,1.06358407,260
1.117338566,0.740973583,260
1.175066936,0.395840636,260
1.100219455,0.375262064,260
1.45783546,0.45928332,260
1.475325758,-0.667855595,260
0.547479117,1.561532123,260
1.392910832,0.434961773,260
1.300075517,-0.591430568,260
1.004971213,0.454835198,260
2.302196439,0.960956656,260
1.451160179,-0.308622427,260
1.295156092,-0.607452097,260
1.257420114,-1.045715286,260
1.928267808,0.810311067,260
1.81915799,-0.587608728,260
1.523120368,-1.339616497,260
0.343320632,-1.160535462,260
1.543084357,-1.010923904,260
1.333193907,-0.164453394,260
1.036660755,2.626482799,260
1.020942875,-1.238407646,260
1.951498358,-1.587239291,260
1.224980942,-0.357527882,260
1.29111138,0.467694155,260
1.382079182,1.865148737,260
0.913827663,-1.213559793,260
1.330237377,-0.6139252,260
1.156453557,-0.672099782,260
1.03940453,-1.045002773,260
1.89551493,0.875841972,260
2.068020514,-1.901639322,260
0.635400782,0.197937328,261
0.796999919,0.096666501,261
0.33405633,0.286177885,261
-1.246586935,1.462983005,261
0.075011778,-0.375200727,261
1.092237979,0.249644774,261
1.36058596,0.436705033,261
0.436837844,0.178682995,261
1.371478326,-2.016369341,261
2.652776605,-2.780005912,261
0.669779872,1.96633365,261
0.113584037,0.597504819,261
1.721996883,-0.927854457,261
-0.15045415,-0.0493429,261
1.135536968,-0.290537253,261
1.180205345,-0.223163887,261
0.640936475,-0.601842351,261
0.857618413,-0.216986095,261
-0.173121035,2.390854671,261
0.709877166,-0.071448333,261
-1.407288512,1.341153699,261
-0.19208601,0.680274523,261
0.323903011,0.140152038,261
1.081523829,-1.616335625,261
1.059093903,-1.071609932,261
-0.293852156,0.050296851,261
1.607545208,-0.891321047,261
0.473831593,1.036064724,261
0.429723979,-0.737064852,261
2.24704628,-2.082774553,261
-0.591650103,1.385709982,261
-0.218738094,0.756278369,261
0.947892355,0.334628385,261
0.242308971,0.729942736,261
0.222165957,0.074928915,261
-0.538888885,0.248888182,261
1.422524999,-1.54359528,261
0.480506828,0.6905015,261
1.271690005,-1.448146543,261
0.2807609,0.504765305,261
-0.008469312,1.599851309,261
1.266872883,-1.31040846,261
1.352103529,-1.544928874,261
1.708246018,-1.494083282,261
1.211227174,-0.297702878,261
0.851968218,-0.159078066,261
-0.829553324,1.362727912,261
0.768400376,0.3288576,261
-0.849254553,2.197580617,261
1.699904459,-0.762529274,261
-0.600322254,-0.96269124,262
0.336787005,0.548310379,262
1.305407922,0.625262727,262
-1.739638178,-3.094988062,262
0.583486113,0.914459805,262
0.273541301,-0.325316173,262
-0.015686635,-1.840457679,262
-0.26429205,-0.378744894,262
0.595297126,-0.050629426,262
0.62335076,-0.018770816,262
-0.002362571,-0.646586022,262
0.623971291,0.481489052,262
0.779155359,0.224257289,262
2.162037793,1.527961918,262
-0.362092252,-0.947031577,262
-0.156154228,-1.16630646,262
1.201982921,0.528428524,262
0.789327362,0.169685572,262
0.769891669,0.04147708,262
-0.719387918,-1.161095148,262
0.7173915,-0.187395516,262
1.27768077,-0.246578477,262
0.55650622,-0.851938349,262
0.401226456,-1.277433671,262
1.545599174,0.798955906,262
-0.235858533,-0.194197319,262
0.745348016,-0.570795836,262
0.601036896,1.233552634,262
0.370813359,1.133505135,262
0.774216124,-0.067866025,262
-1.017310089,-2.254029897,262
0.325105065,0.064422948,262
-0.736866376,-0.806956851,262
0.314610758,-0.101942118,262
-0.386392004,-0.734046074,262
-0.103681951,-0.631385345,262
0.329096351,-0.027321945,262
2.569925471,2.649233327,262
-0.130208902,-1.466559843,262
0.284251259,0.168540075,262
0.658923942,0.548351832,262
1.054034495,1.072583374,262
0.743266404,0.499712294,262
0.74692007,-0.07312076,262
-0.551246412,0.00886265,262
0.242818424,-0.604045887,262
0.35665806,-0.87272308,262
0.401176121,-0.110496274,262
-0.35669779,-0.877054269,262
0.33267678,0.155345581,262
-1.606963463,-1.571701584,263
1.044778625,0.130657404,263
1.012183539,1.018220133,263
0.549912887,-0.260981747,263
1.698763202,1.012243091,263
-1.167771745,-1.29009341,263
1.510965472,1.3123741,263
0.383792297,-0.645789734,263
0.777912236,0.09330449,263
-0.504660149,-1.125974942,263
-0.208407818,-0.137045895,263
0.917443818,0.792390016,263
0.187739902,0.062421069,263
1.029808234,0.669951937,263
-1.501540261,-1.777199103,263
2.217227524,1.580985184,263
0.503366123,1.405428922,263
0.297124239,0.435996252,263
0.592761303,0.648113164,263
0.590825002,0.282551857,263
-0.170247638,-0.450338683,263
-1.228103439,-1.954355535,263
0.102048472,0.131086235,263
0.153386786,-0.747523516,263
-1.078865442,-0.929393671,263
-0.248117204,-0.732327264,263
0.082781689,0.217027074,263
2.09996677,0.852050759,263
1.852534883,1.113410606,263
0.901066303,0.183168636,263
0.698170117,0.387963757,263
1.138041344,0.373828967,263
-1.409586365,-1.109986295,263
1.111234393,0.378433469,263
0.54915163,0.073132572,263
-1.862160394,-1.913824638,263
0.589443822,-0.164685501,263
0.481776695,-0.245889272,263
1.64776925,0.617234465,263
-1.070609639,-0.20013192,263
0.524072617,-0.498013186,263
0.636265275,-0.399758213,263
-0.444858961,-0.706374214,263
-0.488994323,-1.371744527,263
2.240141986,2.343639419,263
2.614374798,1.739470574,263
0.169804113,-0.272909188,263
0.896442978,0.46372613,263
-0.021799486,-0.541556493,263
1.520271728,1.245276309,263
1.424378796,-0.604500995,264
0.577278833,-0.314449065,264
-0.648711741,0.753412525,264
0.140867691,0.013519064,264
-0.209057996,0.137821328,264
1.482249333,-0.747883976,264
0.696711872,-0.000711957,264
0.66589542,-0.110957869,264
0.385920604,-0.446173098,264
-0.12905592,0.040988775,264
0.602543214,-0.149283031,264
-0.46652435,1.636007457,264
1.558624877,-0.215135483,264
-0.016104586,-0.864105628,264
0.341665244,0.580382448,264
-3.177493725,3.785072104,264
-2.398400447,2.669004484,264
1.305752959,0.09405036,264
0.469690574,1.159083336,264
-0.333794672,0.143785627,264
2.123359368,-1.721118813,264
0.020152877,-0.061533464,264
1.565310991,-1.002852135,264
-0.582736876,2.018700007,264
0.924565456,-0.976851383,264
2.66027637,-2.262118059,264
1.660226455,-0.90248424,264
0.592563029,0.187984989,264
1.482781103,-0.628629235,264
0.296994103,0.767799805,264
1.877221548,-1.189124026,264
-0.00132331,0.080503094,264
-1.221570033,2.13493128,264
0.993922034,-0.106030988,264
0.180481829,0.434843206,264
1.365295401,-0.231430736,264
0.775409818,-0.569519408,264
2.588691991,-2.236724928,264
1.795252541,-1.141014666,264
0.550097866,-0.140571409,264
1.049883841,0.101808923,264
-0.775014989,1.784956151,264
0.679329979,0.765684638,264
0.681098115,-0.272542324,264
0.385068235,0.096468848,264
-0.191105523,0.635668457,264
0.067722528,1.22307533,264
1.155740433,-0.268841198,264
0.283889971,-0.347649874,264
-0.268628293,-0.305137655,264
0.670724985,-0.013568397,265
0.151476055,-0.27515175,265
-0.641360006,0.544349623,265
-0.519368605,-0.002085193,265
-0.113013469,-1.07189862,265
-0.012997045,-0.126684604,265
-0.246113633,-0.736635933,265
-0.410998673,0.34957094,265
-0.162501076,0.785653884,265
-0.33608171,-0.309364031,265
-0.962421931,0.508081501,265
-0.050736573,-1.474824192,265
-0.436177922,-0.723721256,265
-0.478938851,0.816225498,265
0.68486477,0.172554862,265
-0.713890538,-0.18020471,265
-0.345667128,0.344111802,265
-1.236345161,0.674907064,265
-0.327013857,0.586216267,265
-1.189767305,-0.370790537,265
-1.359938933,1.58873552,265
1.143686435,-1.065296041,265
0.534653539,0.433035351,265
0.412318978,-1.28443234,265
0.287749548,1.689368018,265
0.236217995,-0.523952782,265
-1.364961131,-0.847002696,265
1.083162624,-1.557576644,265
-0.220644162,-0.680090622,265
-1.29833286,1.424877363,265
-1.06658051,0.779761493,265
-0.181492931,-1.127351858,265
-0.251832789,1.411878046,265
-0.229031012,-0.620757544,265
-0.021439998,0.998219662,265
-1.459902338,-0.168727964,265
-0.206434746,0.010793269,265
-0.796563414,0.012456032,265
-0.485252467,0.454485028,265
0.108330787,-0.084735823,265
0.039648271,-0.551243428,265
-0.137059823,0.270860392,265
-0.820369053,0.455645442,265
0.431085617,0.099761176,265
0.560336845,-0.551476341,265
-0.725793616,0.231963887,265
-0.334344637,1.067978265,265
-0.554913076,0.720669718,265
-1.038735228,0.296190875,265
0.669890618,-1.430188806,265
-1.2453145,-1.833504373,266
-0.753883323,0.661886387,266
-1.726506776,-0.375225687,266
-1.640354032,-0.9886049,266
-1.052731226,-0.393105306,266
-1.073340578,-2.327405509,266
-1.232402707,-0.959244401,266
-0.267907976,0.02902512,266
-0.993251299,-1.29147348,266
-0.098875595,-0.557340658,266
-1.051244551,0.632282726,266
-1.379408925,0.271390731,266
-0.812034366,-1.053062505,266
-0.756614668,-1.046339437,266
-1.036542541,-0.596119454,266
-1.405333801,1.354225008,266
-0.641926468,1.495023585,266
-0.595531474,1.395220545,266
-0.829420925,0.855204197,266
-0.600066644,0.693897559,266
-1.362205114,0.276015956,266
0.03476468,-0.693280902,266
-1.091750118,0.580392745,266
-2.523438052,-0.167352639,266
-0.73926577,-0.851008998,266
-0.606587329,-1.69512693,266
-0.873155164,0.387926145,266
-0.478883041,0.145730241,266
-0.98604934,-0.400313681,266
-0.458810506,0.769216315,266
-0.377279703,-1.566247119,266
-1.54169397,-2.053116003,266
-0.468281269,-1.0297231,266
-0.954670606,-0.840411445,266
0.585633345,1.468723815,266
-0.276536711,0.969190033,266
-0.396374181,1.904385956,266
-0.051036405,-0.3427805,266
-1.315367385,0.026350022,266
-1.380132136,-0.282819412,266
-1.727188374,1.702888581,266
-1.307993736,2.481387788,266
-0.725781121,-1.960384785,266
-1.134307525,-0.86004105,266
-1.437983539,0.835882049,266
-0.75388908,1.023599946,266
-0.633063801,1.028211862,266
-0.54909379,1.016536989,266
-0.742087289,2.397619874,266
-0.652139842,1.750538815,266
-0.913122088,-0.822972561,267
-1.198106278,-0.701457911,267
-2.283936543,-0.219872637,267
-2.245505812,-0.275650988,267
-1.387310027,-0.487814384,267
-0.651617781,-1.089256885,267
1.30146355,2.023912886,267
-1.109651294,0.188717122,267
-0.905681345,-0.586608527,267
-0.381596325,0.37278559,267
-1.561808164,-0.812180789,267
0.668484243,1.951962406,267
0.431947968,1.42921679,267
-1.368253043,0.682609749,267
-0.781876499,-0.331961241,267
-0.969129427,-1.01481214,267
-0.859110847,0.638067132,267
-0.598000962,0.385607485,267
0.26318171,0.845021073,267
0.149499991,0.074063037,267
-1.673363181,-0.693606966,267
-0.433003279,-0.50104536,267
-0.814102017,0.204516789,267
-1.005251206,-0.189754797,267
-1.83359236,-0.643722729,267
1.37093124,1.107744406,267
-0.165779927,0.218099629,267
-0.58673369,0.534003008,267
-0.477204257,0.492840626,267
-0.05354878,-0.362914929,267
-0.119388618,-0.805957582,267
-0.101811338,-0.075576919,267
-0.841816069,0.276125611,267
-1.822005623,-0.002867241,267
-0.200078213,0.85323205,267
-1.125305809,0.304596919,267
-2.033660576,-0.7761555,267
-0.813685108,-0.314072957,267
0.220519112,0.901779827,267
0.522828925,0.688182377,267
-0.729926541,0.032208357,267
-0.97269548,-0.957886487,267
-2.359770244,-0.97795913,267
0.004739579,0.71439494,267
0.163383598,0.108252177,267
-1.006135207,-0.78431505,267
-1.002161871,-1.04993795,267
-1.100188822,-0.275864722,267
-0.030868856,0.855225378,267
0.679761012,1.177292897,267
-0.373289851,0.462842967,268
-1.224095466,2.438253142,268
-1.076734638,-0.535793027,268
-0.928926181,0.52469249,268
-0.314674378,-0.076702911,268
0.054361818,0.528849098,268
-0.93284674,1.146355206,268
-0.470111856,0.202675517,268
0.014426912,0.847921816,268
-0.500209202,0.352827763,268
-1.273311917,-0.056653898,268
-0.82207325,0.379211624,268
-0.739071843,-0.046166996,268
0.243236128,-0.739700186,268
-0.132571005,0.359011015,268
-1.32245818,-1.044214644,268
-1.627519368,0.642215174,268
-1.185608603,-0.006708441,268
-1.565419476,0.146556365,268
-0.936257949,-0.29581925,268
-0.478752687,0.300610627,268
-0.822118245,0.09703699,268
-0.068400449,1.107982896,268
0.031877689,-1.030743167,268
0.284074701,-1.795371056,268
-0.866096804,0.684843815,268
-0.912668984,0.150073064,268
-1.597122228,0.585812465,268
-1.115526941,1.124777848,268
0.192510571,0.008731697,268
-0.116500756,-1.14982606,268
-0.545536081,0.969263437,268
-1.016307641,-1.569016322,268
-2.10654094,0.127795279,268
-0.5089746,-0.02608698,268
-0.08553652,0.069718496,268
-0.387534261,0.146286206,268
-1.519153982,0.938754009,268
-0.280968537,-1.937812725,268
-1.052018931,0.494664981,268
-0.750792101,-0.993575902,268
-0.908090104,1.045620892,268
-0.771205391,-0.22716459,268
-0.909225058,-0.554502325,268
-0.169113298,0.35029427,268
0.437110942,-0.200563754,268
-0.133620115,-1.205335584,268
-1.613197595,1.876702595,268
-0.626783414,1.940220284,268
0.259956137,-0.1587884,268
-0.785182219,-0.805562878,269
-1.064457325,1.892799458,269
-1.418451484,0.670139808,269
-1.770444377,0.184746507,269
-2.04034124,2.5095983,269
-1.797825854,0.93925095,269
-1.750753555,1.703586499,269
-2.213424752,-2.458803004,269
-2.446551803,-0.573492734,269
-2.344815537,1.544874721,269
-1.860329061,-0.855378953,269
-2.033862884,0.263825272,269
-1.667115144,-0.749709275,269
-1.710636267,-1.110162508,269
-1.579284193,-1.003369352,269
-2.613455385,0.770848983,269
-2.116786243,0.652046093,269
-1.258031467,1.020808505,269
-1.644331459,-1.120853282,269
-2.079576787,0.212086275,269
-0.89013544,-0.040509113,269
-1.508614151,-1.141233537,269
-1.605291554,0.707793393,269
-1.923148838,0.64945598,269
-1.298484917,0.711229198,269
-0.871580274,-0.30483516,269
-2.201224948,0.529619533,269
-1.542824994,0.778329038,269
-1.819573892,0.157205472,269
-2.221694774,-1.460280994,269
-2.538332233,2.591909297,269
-1.003742397,-0.578472665,269
-1.831907173,-0.858124896,269
-2.079020902,-0.640717462,269
-1.497926184,-2.129045126,269
-1.250580916,0.300251216,269
-0.555798987,-1.311528291,269
-1.679009441,0.951267804,269
-2.364484246,-1.198100791,269
-1.604742105,-0.231661746,269
-1.236310341,0.641018653,269
-1.67945807,-0.33329564,269
-1.514469733,-0.354228528,269
-1.762880612,0.256905064,269
-1.453776894,-0.23215503,269
-0.049631489,0.237704988,269
-2.16051001,-0.428347341,269
-1.781215138,-0.676609678,269
-1.068337324,0.423648708,269
-1.993388835,-0.003908994,269
-2.369181904,0.546198024,270
-0.464807616,-0.724476148,270
-1.372634951,-0.533123721,270
-2.059070835,0.54584504,270
-0.655959444,-0.128847939,270
-1.237822299,-0.553845154,270
-2.179605513,-0.075118489,270
-2.769316008,0.54950691,270
-0.951380229,-0.274143068,270
-3.673049344,1.155756369,270
-2.046913011,-0.100401558,270
-0.829090628,-0.026338779,270
-1.065230249,-0.656915826,270
-1.808036233,-0.313272047,270
-2.739312223,0.467296475,270
-0.071850019,-1.540270819,270
-1.658198949,-0.660438708,270
-2.501456628,0.779681805,270
-3.948477406,2.064126672,270
-1.518645353,0.206224241,270
-1.261436211,3.5075806718539e-05,270
-2.680531017,0.349906907,270
0.666741536,-1.491756846,270
-0.794629944,-0.284936781,270
-0.766135071,-0.298143437,270
-0.604253037,-0.713161283,270
0.305086342,-1.361383702,270
-1.16078445,-0.079988536,270
0.661187894,-1.471278156,270
-2.189337952,0.115939226,270
-0.988584092,-0.337332456,270
-1.181165523,-0.306428358,270
-4.710362707,2.151761576,270
0.054063908,-0.849683027,270
-1.771240929,0.858836162,270
-1.242710052,0.053608402,270
-1.167539325,-0.299982576,270
-2.441597649,0.21838183,270
0.980437804,-1.913962568,270
-2.653686045,0.595013424,270
-2.730445164,0.121166532,270
1.846856729,-2.170057227,270
-0.446787034,-0.834731259,270
0.395227593,-1.891627126,270
-1.793510998,0.477131897,270
0.339584735,-1.177601399,270
-1.978990366,0.412101014,270
-3.06036189,1.124929292,270
-1.908730001,-0.160610343,270
-0.767888183,-0.248143956,270
0.545970079,-0.577384083,271
0.680522907,0.487490058,271
0.439099679,0.511633988,271
0.607363636,1.702289183,271
-0.127747539,-0.333400172,271
-0.497250129,0.112538345,271
0.225828701,-0.62494577,271
-0.523135544,-1.61525951,271
0.391465394,0.501136604,271
0.232978676,-1.076282251,271
0.438155484,-1.209985666,271
-0.444530656,-3.001911521,271
0.643047946,-0.001395104,271
0.204368433,0.14373858,271
0.568910912,1.424630825,271
0.702962051,-1.365348739,271
0.646655609,-0.754650734,271
1.058847564,2.444126178,271
-0.101229173,-0.019827469,271
0.365879652,0.144434065,271
-0.676808518,-0.023532889,271
1.227836614,1.16746181,271
0.698555464,1.254854308,271
-0.085691489,-0.443085334,271
1.62965408,0.518747498,271
1.272268398,-0.44164195,271
0.410948891,1.768100767,271
0.506933052,1.368001923,271
0.011836595,-0.509604066,271
-0.277155954,-0.976160515,271
-0.329692279,0.03628387,271
-0.459641647,-0.678101441,271
0.591636526,-0.674761799,271
-0.125337403,-0.10649802,271
0.896768713,-0.488543041,271
0.45398065,-0.069065823,271
0.891105425,0.807468541,271
0.520056489,-0.442647367,271
-0.714569399,-0.525543327,271
-0.30544345,-0.416915732,271
0.861517963,-0.20061339,271
1.914229671,2.229830574,271
0.323590382,-0.608685346,271
-0.379244526,0.265771585,271
0.257926482,-1.796133369,271
1.649340413,0.542279801,271
0.583387084,-1.798123938,271
0.071780119,-1.124479307,271
1.091763091,0.670349786,271
0.807908339,-0.079742406,271
-1.717168176,0.348743879,272
-1.295423983,2.779013451,272
-0.892292793,-0.768187738,272
0.047893739,-0.30603713,272
0.107543352,-0.480025533,272
-0.6030533,-0.713916897,272
-0.673698721,-0.559511122,272
-0.038490857,0.376702416,272
-0.459070537,1.14582531,272
-0.575622442,0.036097641,272
-0.423053814,-0.341500884,272
-0.910144944,0.151968035,272
-1.154877247,0.474101107,272
-1.025175234,-0.761970262,272
-0.221373123,1.727698714,272
-0.844373768,0.317795273,272
-0.516084609,0.114393372,272
-1.507939236,0.317114793,272
-0.768506653,0.407412198,272
-0.347323853,0.7721429,272
-0.746929155,-1.417516395,272
0.418461988,-0.018168087,272
-0.126654812,-1.207917367,272
0.627177963,-1.228247265,272
-0.954046061,-0.044104411,272
-1.255448536,-0.865867273,272
-0.813319816,0.613786062,272
-0.172083536,-0.984397886,272
-0.707730604,-0.37264488,272
-1.292963156,1.081689383,272
-0.191280938,-0.620146381,272
-0.084937492,0.521786475,272
-0.070225337,-1.26539559,272
-1.124284081,0.914745102,272
-1.245122518,0.397580213,272
0.153641284,0.630660356,272
-0.682662278,-0.577057539,272
-1.001019947,2.364371346,272
-0.193920482,-0.958614221,272
-0.993069442,0.246003309,272
-1.477064878,0.87399972,272
-0.648186011,-0.439476144,272
-0.884254813,-0.372486486,272
-0.517934359,0.167214138,272
-0.644896731,-1.389237558,272
0.373287078,-0.767025267,272
0.041832521,-1.242809216,272
-0.489479478,0.547603577,272
-0.755111358,0.553963459,272
-1.327549482,-0.891912967,272
0.304272752,-0.101779258,273
0.218525965,-1.100289345,273
0.935488792,-0.999478766,273
-0.09808897,-0.240479092,273
0.635926298,1.458110958,273
1.031031111,0.77851975,273
0.163821227,1.057858845,273
0.231545164,-0.086141318,273
0.261525099,0.205656095,273
0.467627426,-1.444550908,273
0.427914985,-1.060120458,273
0.732692765,-0.035472095,273
-0.18042268,-0.599701479,273
0.371400298,-1.781129569,273
1.753644486,0.81527103,273
-0.96253046,-1.526626688,273
1.325849837,-0.355855989,273
0.919483092,-0.393883722,273
-0.012696522,-0.759960526,273
1.255804875,2.016819571,273
0.217344855,1.577567304,273
0.121572049,-1.022930347,273
0.024410413,-0.537355689,273
-0.347660656,-1.977376778,273
0.324489136,-1.418276252,273
-0.549098349,-0.022750879,273
-0.577749413,0.542893098,273
0.058977741,-0.15746096,273
-0.01628201,-0.55101655,273
-0.417070875,-0.695306766,273
0.530184434,0.721514654,273
0.086507658,0.200809101,273
0.550960674,0.40488882,273
-0.03825675,-2.23830339,273
-0.258380894,-0.391289858,273
0.519065377,-0.227949173,273
0.298000735,0.299588681,273
1.626220191,-0.58541209,273
0.712300595,1.292630652,273
0.341411419,-0.028612413,273
0.010702464,1.079550525,273
0.028390237,-0.256680359,273
0.789093209,1.98706305,273
0.618573273,0.648084456,273
0.595483524,-0.249810939,273
0.67779722,-0.462910479,273
-0.131944124,-0.85363842,273
0.75961086,0.444422376,273
0.343719602,0.455217466,273
1.082845821,2.081639396,273
-0.170401883,-0.359119553,274
-0.561460531,0.869997152,274
-0.209968875,-0.306580792,274
-0.768887729,0.045475571,274
0.85575018,-0.434830344,274
-1.424252474,1.063545956,274
0.718111557,-0.579004592,274
-1.866707216,0.701218617,274
1.120515973,-1.0151013,274
0.307660428,-0.61743016,274
-0.40205097,-0.417589236,274
-0.894204163,0.530425771,274
-0.292020746,0.376258123,274
-0.812648812,-0.234871102,274
0.454243078,-0.515922524,274
-1.022359505,1.260535907,274
-0.026054739,-0.172477587,274
-0.280041535,0.728068233,274
0.022632401,0.522161557,274
-0.086972361,0.584944218,274
0.465910479,-0.106754732,274
0.063463061,-1.819369925,274
0.249949294,0.541669889,274
-0.853566439,0.752828726,274
0.407196148,-0.66827129,274
0.218667213,-0.391463095,274
-1.50549686,2.644925535,274
-1.360394295,1.948415244,274
0.862729183,-0.823082937,274
1.063373157,-3.257064204,274
-0.238531085,-0.076896817,274
1.062466868,-1.781601654,274
-1.222552313,1.134791412,274
0.353635369,0.267669041,274
-0.736285896,0.453936545,274
-0.29024096,-0.830608795,274
0.418174067,-2.102477378,274
0.520078521,-1.005772311,274
-0.754217211,0.135771096,274
-1.056416318,1.412691635,274
-1.226728051,0.630723338,274
-0.973074881,-0.422381756,274
0.356113149,-1.673194687,274
-1.175997167,0.725151912,274
-1.744320364,0.594378668,274
-0.643417433,-0.825604884,274
-0.112722991,-0.28437307,274
-1.342725186,0.961749061,274
-2.410596869,1.628196733,274
0.425432964,0.152555073,274
2.275096281,0.34833862,275
1.852496632,0.702437768,275
0.53384695,-0.683949525,275
2.652019963,1.389809768,275
2.476757937,0.98699122,275
0.849049678,-0.918452593,275
1.393832613,0.944329229,275
0.497289858,-0.607881802,275
1.50600279,-0.743170632,275
1.0231029,-0.283271839,275
0.403851874,-1.084339732,275
0.786340522,-1.133143927,275
0.04784115,-0.833047355,275
2.298948659,0.340089538,275
0.344494187,-0.727986683,275
1.935608638,0.480657677,275
0.955420196,-1.51173033,275
3.542755486,1.170956289,275
2.279775866,0.711421758,275
1.515653757,0.002730528,275
2.107376348,1.106466661,275
0.65757994,-0.713000993,275
1.519173301,0.6115395,275
1.220059251,-0.294585077,275
-0.26983015,-1.122256862,275
0.917981213,-1.328876826,275
0.708493771,0.272842423,275
1.468378655,0.487402542,275
0.305129131,-1.458266378,275
1.255335387,0.167649442,275
1.009165168,-1.074462317,275
2.700161218,1.268631184,275
2.58558241,1.053021753,275
1.719418531,0.163770351,275
2.563553233,1.737909111,275
2.789527304,1.497373402,275
0.187776571,-1.245132208,275
1.14918669,-0.025769734,275
0.685450249,-1.398078622,275
-0.435299449,-2.180535103,275
-0.282357124,-1.464205326,275
3.675031761,2.427805786,275
0.363632344,-0.899603251,275
0.164947671,-1.712266099,275
0.246285306,-0.831220092,275
1.40321898,0.465317594,275
1.075273404,0.881539286,275
-0.102862407,-1.304700435,275
-0.631685545,-1.944996673,275
0.962428841,-0.650357331,275
-0.988969262,-0.249613272,276
0.114026308,-0.521955143,276
0.381347985,0.213594798,276
-1.242988755,-1.500554939,276
-1.638376728,-1.404922293,276
0.161664868,0.757248751,276
-0.397140753,-0.170323121,276
-1.438929135,0.076974434,276
-0.844862235,-0.836765213,276
-1.15111794,-1.722613774,276
-0.006258983,0.501119587,276
-0.237316858,0.335099258,276
-0.803780025,-0.829339239,276
0.049793598,-0.543330285,276
-1.93448223,-0.793550933,276
0.067000153,0.673660878,276
-1.666935277,-0.387189526,276
-0.990549984,0.10400261,276
1.036299027,1.03833252,276
-1.344373714,-1.160756566,276
-1.322514171,-0.260021811,276
0.14911009,1.898031012,276
-0.887923523,-1.63676784,276
-0.319293985,0.069763739,276
-0.506083617,-1.15389575,276
-1.760553673,-1.305352272,276
-0.254074247,1.407338566,276
-0.393419513,-0.6872068,276
1.582125064,1.990341693,276
-0.638731603,-0.030384495,276
0.154221423,0.331589111,276
-0.24827573,-0.804763779,276
-0.952363497,0.718054773,276
-0.061370135,0.539357061,276
-0.730243664,0.187505777,276
-1.841896978,-0.972532031,276
-1.100457287,-1.16108779,276
-2.056378695,-0.98128035,276
-0.692036707,0.299079442,276
-0.836861118,0.562969895,276
0.569489419,0.550016622,276
0.28045557,1.914228504,276
-1.434363694,-0.298948267,276
-0.066520434,0.090200766,276
-1.503252536,-2.000249474,276
0.747685749,0.669437306,276
1.010286975,2.536876226,276
-0.431284,-0.381531578,276
0.059031985,0.024415369,276
-0.480791911,-1.404668121,276
-1.10441972,0.150214411,277
-0.297279192,-1.125684383,277
-0.069463584,-1.138156298,277
-0.685022679,-0.317891351,277
-1.279949223,-1.276841466,277
-1.710676207,-0.014942249,277
-0.543761571,-0.061988691,277
-0.939883432,-0.493515566,277
-1.311489413,-1.099516263,277
-0.005117093,-0.054978957,277
-0.178283137,-0.066742553,277
-2.445204232,0.660609015,277
-2.29835858,1.798088178,277
-0.315926394,-1.397366513,277
-0.464806783,-1.471672571,277
-1.539731662,0.712243304,277
-0.738481034,-0.902168845,277
-2.043784613,0.036374461,277
-0.054371416,-1.494504286,277
-1.871677123,0.617174465,277
-0.935303568,-1.068836895,277
-0.450917253,-0.690430906,277
-0.229197398,-1.440992116,277
-1.409282405,0.759477066,277
-0.363584203,-1.491196486,277
-1.724805532,-0.566276421,277
-1.835981781,1.606094061,277
-1.291156287,-0.320393658,277
-1.140864445,-0.630440329,277
-1.37235517,0.779428474,277
-1.690395735,0.197174109,277
-1.066163717,0.160440124,277
-1.310240853,-0.380366849,277
-1.988382115,-0.537966271,277
-2.134274495,1.014771404,277
-1.682851014,-0.899705805,277
-0.833377531,-0.195492103,277
0.665339526,-1.408859024,277
-0.259676657,-0.67835945,277
-0.797054059,0.581293681,277
0.202334631,-0.741204916,277
-1.988482836,1.772144266,277
-2.601442763,1.597177211,277
-0.848382062,-1.675510685,277
-0.850999021,0.242050743,277
-1.418846355,1.613374071,277
-1.071367448,-0.947252469,277
-1.275203899,0.920949417,277
-1.831387559,0.348392671,277
-1.764490721,0.883960582,277
-0.319137145,0.376917121,278
-0.672745951,1.471390532,278
-0.656034729,0.744191921,278
-0.273396646,0.379027323,278
-0.548443164,-0.687683881,278
0.020764469,-0.578095115,278
0.815325787,-0.585209916,278
-0.165400857,-0.189992777,278
0.171077915,1.479038277,278
-0.199360421,0.641643212,278
-0.621131478,0.738319388,278
-0.964384179,-0.447946851,278
-0.83042239,1.162438098,278
0.188526938,-0.291349203,278
0.086200923,-0.521865886,278
-0.503973307,0.235668178,278
0.666385544,0.643896769,278
-0.27551723,0.516320316,278
0.385012717,-0.705781071,278
-1.072747881,-0.323748577,278
-0.343202705,0.399244965,278
-0.563942115,-0.216659841,278
-0.776346231,-0.436432163,278
-0.042696918,0.036892652,278
0.841606405,-1.064299813,278
-0.318920237,-0.342860197,278
-0.454174952,0.288943687,278
0.052592356,0.916625383,278
-0.767145891,1.191663551,278
-0.240059596,-1.304737999,278
-0.522404899,-0.096633406,278
-0.317001452,-0.151509298,278
-0.353974351,0.217885334,278
0.896414134,-0.877582366,278
0.234400377,-0.542034627,278
-0.380455789,0.294133634,278
-0.130714348,-1.340459613,278
0.403769272,-2.552637558,278
0.562842262,-1.794796469,278
-0.261772311,0.495971694,278
0.55198493,1.811433937,278
0.038288953,-0.518157521,278
0.550336638,0.423662504,278
0.495473532,-0.920191108,278
-0.312541593,0.106959257,278
0.121802411,0.211317126,278
1.487206377,-2.006633226,278
-1.49597674,1.692991269,278
-0.391199062,0.983210969,278
-0.459040206,1.414405832,278
-0.751528354,1.018934734,279
-0.744307758,-1.892293808,279
-0.447179539,0.212096796,279
-1.572126926,-1.500609295,279
-1.823001632,0.396304679,279
-1.574472874,0.629926741,279
-1.313721155,0.400730664,279
-0.952042103,0.707801861,279
-1.90349092,0.870844896,279
-0.549741549,0.038756187,279
0.201418727,-1.535480177,279
-1.433149536,1.165161213,279
-0.526723271,0.538235081,279
-1.000766492,2.04625722,279
0.140107292,0.094407392,279
-1.105446898,0.593115333,279
-1.074535358,1.058364319,279
-1.316579514,0.340161256,279
-0.089149782,-1.225538744,279
-0.988836993,1.104004524,279
-2.355433594,0.908546131,279
-1.02499498,2.45979419,279
-1.218720934,0.757286832,279
0.594885302,-1.265428496,279
-1.677073314,1.171516533,279
-0.086135066,-0.218253703,279
0.753555954,-0.810311519,279
0.196295693,-0.02872856,279
-0.197638339,-2.204534303,279
-0.500142673,-0.137261648,279
-0.566850047,-0.705964089,279
-0.805159371,0.668950373,279
-0.37014662,-0.963916045,279
-0.788289501,-0.769658859,279
-0.229524168,-0.347951012,279
-0.750909213,0.115297271,279
-0.3143332,-1.769902026,279
-1.017672899,2.016236034,279
0.184626436,0.041092523,279
-0.925127302,-0.908365653,279
-0.858223977,1.022802688,279
-0.493626315,0.352846619,279
0.025150317,0.636129219,279
-1.487518893,1.266378056,279
-0.928871431,-0.908565819,279
-1.45440091,2.39046047,279
-1.582575597,0.842412987,279
0.203050048,-0.592686545,279
-1.018317294,0.354029187,279
-0.681601707,1.054133123,279
-0.535219697,-1.52760519,280
0.503061996,0.181691167,280
0.365159296,1.962938123,280
-0.172501185,0.032038415,280
0.790837412,0.210247066,280
0.829803906,0.147475234,280
0.805284583,2.12234609,280
-0.131929341,-1.035049586,280
-0.109480315,-1.197037837,280
0.162514013,0.698276947,280
-0.378242835,-1.845852633,280
0.24671856,0.219831625,280
-0.718042748,-0.880549632,280
-0.329379596,1.201450491,280
0.312572011,1.072509614,280
1.470922655,2.213354988,280
-0.696677158,0.229923761,280
0.373566444,-0.05201453,280
0.489391523,1.872764278,280
0.533073906,1.09055418,280
0.646660283,0.236829936,280
1.073960029,0.743766909,280
-0.002659908,0.492261512,280
-0.206982728,-2.680593763,280
-0.383559193,0.939840346,280
-0.376961236,-0.172254702,280
-0.691035538,-0.793210659,280
0.951129666,1.046497096,280
0.393663453,-0.243976747,280
0.524510044,1.81146511,280
-0.28211687,0.013966721,280
0.245066122,-0.166618572,280
1.66010791,0.869438873,280
0.591401697,0.838414673,280
-0.271111121,-0.591635383,280
-0.079590618,-0.999825749,280
0.685372132,0.704163354,280
-1.615656757,-1.849498178,280
0.693861459,-0.132295643,280
0.799208625,0.117184547,280
-0.856848997,-1.128824088,280
-0.569103051,-0.370720691,280
0.283485901,-0.3838605,280
0.253161289,1.85576448,280
0.286796459,1.544013837,280
-0.109583256,-1.334310987,280
-0.487396903,-1.428254899,280
-1.658799044,-1.182526565,280
-0.728686824,-0.196892234,280
-0.936714539,0.230234537,280
-1.434611815,1.084881797,281
-1.589517513,0.697490752,281
-0.645432834,1.092395836,281
-0.772578264,0.246319709,281
-0.446058661,-1.603626664,281
-2.059677819,1.385364393,281
-1.411287312,1.073187619,281
-1.139573783,-1.029849256,281
-1.468584005,0.111456498,281
-0.358263646,0.589546392,281
-1.281832587,0.530880909,281
-2.11948745,0.286968786,281
-0.955117251,-0.163970501,281
-0.275007813,-0.444096633,281
-0.661030651,-1.082048976,281
0.008907939,-1.416134494,281
-0.950818948,-0.144860863,281
-0.399456186,0.795190792,281
0.638947907,-1.191577265,281
-1.237802348,-0.242026229,281
-0.911928667,1.545525473,281
0.776799429,-1.750682356,281
-0.048435873,-0.42313317,281
-0.98776602,0.96651344,281
0.231580207,-0.367084035,281
-0.950352763,-0.140928999,281
-0.405718728,0.388692805,281
0.064836624,-0.419535392,281
-1.931499844,0.736863179,281
-1.8965542,0.429017433,281
-0.86307538,0.677727258,281
-0.560073914,-0.015969704,281
-0.157067058,0.236839865,281
-1.546359534,1.199905996,281
-0.834707421,-0.603653586,281
-0.459346144,0.174986415,281
-0.132131692,-0.563036694,281
-1.301388207,0.535870407,281
0.04273228,-0.718369041,281
-1.11406269,0.65388774,281
-1.33070508,-0.224225444,281
-1.539034876,1.07915293,281
0.179656734,-1.355398106,281
0.035844917,-1.487385713,281
-2.061600911,0.621874968,281
-0.452993005,-0.943292001,281
-0.386778269,1.461311605,281
-1.020151147,0.033729827,281
-0.715712876,-0.083950525,281
-0.031467654,-1.334456333,281
0.263734154,0.844550405,282
0.524424107,-1.691576848,282
-0.018845881,0.341319206,282
1.524779017,-0.461427094,282
0.997543384,-0.365513679,282
1.192036331,-0.107967807,282
0.823525243,-0.033541512,282
0.105871551,0.034099505,282
1.091898254,0.759566095,282
1.415415813,-1.001466606,282
0.864743336,-0.307974847,282
1.310803637,-0.061774544,282
1.140214718,1.055026108,282
2.64042049,-1.87679146,282
0.604157819,0.427780557,282
1.1287738,-0.771385969,282
-0.247221734,1.004831673,282
2.560172305,-0.967861316,282
2.612023988,-0.548602844,282
1.065120845,1.126906573,282
1.658615666,-0.098139804,282
1.230082101,0.950297473,282
1.180744972,-0.265788681,282
1.198693357,0.671486042,282
1.560628819,-1.553804406,282
1.938217484,0.022347669,282
0.45314931,0.511475864,282
1.060858887,-1.558635605,282
0.977944226,-0.451094099,282
1.404220037,-0.83507831,282
1.886734664,-1.339895753,282
-0.108556084,-0.224486922,282
0.866560473,-0.152791462,282
0.616495434,-0.254309346,282
0.997615434,0.883418079,282
1.425052601,1.234125477,282
0.802505647,0.431239135,282
0.755581445,1.749093945,282
-0.192419643,-0.100830153,282
1.472697884,0.28672692,282
0.924398585,0.758049433,282
1.039362955,-0.39118366,282
0.85583042,2.031620742,282
1.080704211,-1.310229182,282
0.627746922,0.523744743,282
1.749005558,-0.580176858,282
-0.563010634,-0.354605563,282
1.431893983,-0.276481102,282
0.745123519,0.452618344,282
0.692125206,0.493808206,282
-0.359912267,-1.719133013,283
0.761920711,0.122123691,283
1.103311398,0.939207292,283
-0.411317866,-1.0276004,283
1.439689198,-0.061354463,283
-0.156275526,-0.865018313,283
-0.268353049,-0.67373655,283
1.070383692,1.162620342,283
1.294969079,0.883292925,283
0.508763865,0.577611936,283
0.907890816,0.561036283,283
0.331407995,-0.814142585,283
1.295129857,1.6021363,283
-0.500536405,-0.120086273,283
-0.031273301,-0.126250422,283
1.405307473,0.652964147,283
1.019220564,-0.222014704,283
0.253496234,-0.319631495,283
1.316093234,1.345926341,283
1.757986505,1.12180284,283
0.407486663,-1.429342795,283
0.441484447,-0.359378339,283
1.089173549,1.753782407,283
0.234885003,-0.10872172,283
0.806728005,-0.36412513,283
-0.416480983,-1.822622451,283
0.810139238,0.106015338,283
-0.128256352,-0.584905544,283
0.418548545,0.131741923,283
1.358478081,0.302615923,283
-0.659371008,-0.570023306,283
1.352357506,0.524827263,283
2.215805962,1.019676963,283
-0.098894956,-0.126622823,283
1.55292873,1.76041776,283
0.338427086,-0.790790615,283
0.568086755,-0.985132933,283
0.592688544,-0.364589943,283
-0.081048084,0.275532106,283
0.805302079,-0.568555957,283
-0.472585433,0.496921764,283
0.043640445,0.316097248,283
0.823034247,-0.066198305,283
1.004308625,-0.169739226,283
0.416801574,-0.123642363,283
0.071822078,-0.356036982,283
-0.03946907,-0.879120951,283
-0.187325635,-0.823561975,283
1.721633194,-0.237971954,283
0.480862942,-0.18914436,283
-0.513121286,-0.636315135,284
-0.86532304,0.232871505,284
-0.352307934,1.886401234,284
-0.761567248,-0.906498227,284
-0.239139367,0.34175306,284
-0.947732779,-0.016192408,284
-0.591289935,-1.330267963,284
-0.53252199,0.755667394,284
-0.165340539,0.252734314,284
0.431866039,1.447898393,284
0.222416613,-0.57711089,284
-0.796357271,-1.433172704,284
-0.421486948,0.529724916,284
-1.40128604,-0.774052672,284
-0.68104583,-0.631324943,284
-1.449374629,0.44768665,284
-0.466802617,0.728190997,284
0.369112639,-0.298312497,284
-0.773680806,0.274789831,284
0.367736895,0.522119839,284
-1.100313721,-0.271517443,284
0.222166929,0.9549078,284
-1.219279339,-0.747295248,284
0.661977769,1.981179267,284
-0.823193779,-1.150500424,284
0.739489549,1.666755328,284
-1.296690676,-1.272171353,284
-2.2761063,-2.30757371,284
-1.825140255,-1.564468831,284
-0.732674062,0.190472372,284
-0.434636336,1.17530681,284
-0.062313279,0.866165022,284
-0.806342486,-0.139172185,284
-1.178482206,-1.464403765,284
-0.237712593,0.495645117,284
-1.434611435,-2.333480214,284
0.752479266,1.504390347,284
-0.807764318,-0.409646263,284
0.06822056,0.664484114,284
-0.989624293,-1.939626108,284
-1.511376157,0.81774758,284
-0.958184871,0.041043668,284
-0.800927923,-0.07811741,284
-0.116652752,0.093668873,284
-1.002606343,0.119118551,284
-0.938078293,-1.711667122,284
-1.198129203,0.092574807,284
-0.026134932,-0.466073414,284
-1.047266087,-0.996724931,284
-0.869248854,1.694648846,284
1.06393558,0.817931916,285
1.613863678,-1.870139403,285
0.701730757,0.047359589,285
0.461581529,0.536424519,285
1.458096499,-0.61419093,285
1.73267478,-0.787138303,285
-0.888383633,-0.490231323,285
0.450686954,0.853307371,285
0.160599078,0.790913489,285
0.698293923,0.767751748,285
0.445800079,-0.077474499,285
0.458402084,-0.60052555,285
0.903923065,-0.451494553,285
1.34618908,-1.094888338,285
1.023061788,1.454304246,285
1.281282394,-0.175091999,285
0.517413163,-0.500946184,285
0.467510131,1.262032474,285
1.306637045,-1.578530862,285
1.01391724,-0.090233338,285
-0.299828173,0.771575421,285
0.747724352,0.148014449,285
-0.090277105,0.753772408,285
0.307326826,-0.459879038,285
-0.453106275,0.446101013,285
1.335631242,-0.441600705,285
1.504481597,-1.163967777,285
0.580470912,0.430568298,285
0.29532258,1.76214399,285
1.097654711,-0.648285433,285
0.688741021,0.950104581,285
1.972675323,-0.876339119,285
1.682550486,-1.24688666,285
0.79089663,0.096526568,285
0.455847154,0.774661965,285
0.749460525,-0.042313287,285
1.675865893,-0.947445977,285
0.407492111,0.912411723,285
0.158377474,1.157557676,285
1.60718679,-0.971341626,285
1.547807132,-1.936243778,285
1.03461978,1.134616676,285
1.453330655,-1.411373701,285
0.515394178,-0.092726627,285
0.148580988,0.172118869,285
0.616997009,-0.15959434,285
1.251942718,0.607649525,285
-0.50551755,1.624970572,285
0.299482978,1.26909434,285
1.461831759,0.99227092,285
-1.705662895,-0.64367143,286
-0.35554975,-0.188593192,286
0.225286832,2.56243081,286
-1.61594202,-0.879611253,286
-0.509955039,1.211154498,286
-1.505213563,-0.627119472,286
-0.13543692,1.701178934,286
-0.422211223,-0.269408787,286
0.351807337,2.06297682,286
-0.464678273,0.745755085,286
-0.485240899,-0.977595289,286
-0.755307186,-0.130261686,286
-0.82321232,0.416321314,286
-0.427814057,-0.638211427,286
-1.068332217,1.01162384,286
-1.515918615,-0.912164776,286
-1.630904692,-1.527368521,286
-0.977892923,-0.428839624,286
0.306522335,1.960750006,286
-0.631600227,-0.350513442,286
0.199356721,0.901114112,286
0.154006911,-1.046386316,286
-0.248417963,1.969939594,286
-1.35300116,0.673700076,286
-0.991277947,-0.603000997,286
-1.050932054,0.815129586,286
-0.65262291,-0.754162419,286
-0.628608899,1.15255755,286
-1.239799497,-1.77619546,286
-1.063751687,0.944586351,286
-0.136304896,0.466529564,286
-0.632692593,0.716384069,286
-0.764737961,1.029546637,286
-0.839958131,-1.357472562,286
-1.112910695,1.594002258,286
-1.027814337,0.88390828,286
-0.103704733,0.843892308,286
-0.552040016,-0.236642461,286
-1.197869784,-0.435589938,286
-1.430061917,-0.687692581,286
-0.703218158,0.039818882,286
-0.729214586,1.280735575,286
0.072342531,0.802479958,286
-0.44255679,-0.069062035,286
-1.133015385,1.874088021,286
-1.206482617,-1.728587204,286
-0.700051272,-1.12480421,286
-0.022175261,0.649411947,286
-0.739926698,0.174687838,286
-0.746329628,0.14874605,286
0.899148745,-0.319312248,287
1.156239836,-0.528754871,287
0.013644214,0.702624449,287
0.789268715,0.983749763,287
1.594271151,-1.037486776,287
-0.79207088,0.398984605,287
-0.319649302,1.315827767,287
0.231649083,0.677912584,287
0.518369478,-0.168659422,287
0.782098625,0.263160326,287
-0.004565536,1.036276809,287
0.897735395,0.723626153,287
0.071672301,-0.056572312,287
0.470052815,0.309710027,287
0.87761831,-0.420569062,287
0.920672376,-0.75628098,287
1.289065516,-0.585497221,287
0.160371158,-0.169452953,287
0.466829452,0.408001786,287
0.865015937,-0.759795243,287
0.662634806,0.507527995,287
0.288155161,2.089521354,287
0.02360331,-1.379983301,287
0.857186428,-1.363276535,287
-0.220715294,0.144077184,287
0.787493219,1.338022337,287
0.003916734,0.874997359,287
0.010607829,2.104494365,287
0.964776427,-1.9511337,287
0.709335421,-0.245839695,287
0.110488499,0.011624109,287
0.246841607,0.762592628,287
-0.074520023,0.499277712,287
-0.260585239,0.219655847,287
0.622915035,-1.256383434,287
-0.608013147,-0.438503658,287
0.740843227,-0.024212839,287
0.07249291,-0.280019171,287
-0.03910576,-0.651425088,287
0.540791541,0.70265963,287
0.390640075,-0.924961038,287
-0.007966432,0.265639647,287
1.180226689,-1.318473018,287
0.917190581,0.921498059,287
0.225212878,0.188321527,287
0.974117747,-1.067899324,287
0.161559278,-0.065578728,287
0.458567131,0.442480953,287
0.220759115,-0.589657401,287
-0.341993678,1.244318633,287
1.076073063,-1.757894271,288
0.315578197,-0.232217934,288
0.773711558,-1.319275987,288
0.618002456,0.604322259,288
1.220707861,-0.627927224,288
0.746047826,1.782073729,288
0.276351607,0.051654011,288
0.663379897,1.595653577,288
0.7468254,-0.253226054,288
-0.129868538,1.152032935,288
0.589891307,0.53828602,288
-0.20194417,1.164750519,288
0.319921319,1.2114698,288
0.149139,1.22452586,288
1.374713518,1.03795179,288
0.694919099,0.108144857,288
1.790185346,-1.452411462,288
-0.406640823,1.456978277,288
0.941324537,-0.526836884,288
0.595814634,0.42416099,288
0.84378904,1.689427623,288
0.403434762,0.74400347,288
0.402337591,-0.392888156,288
0.764342956,0.866743063,288
0.682458294,-0.351192072,288
1.300332214,-0.847924378,288
0.913624741,-0.523333913,288
0.421805691,1.14890274,288
0.510203992,0.386146444,288
-0.430957592,0.25096376,288
0.998002907,-0.949089361,288
1.704643791,1.114481568,288
1.071718278,1.097953825,288
0.443702578,1.014608144,288
0.382772027,-0.291657865,288
0.184836518,-0.215025859,288
1.514885992,-0.543604659,288
1.063019691,-0.608805101,288
1.502930886,0.10249199,288
0.846725826,0.246536524,288
0.989792663,1.702665076,288
-0.135221169,0.004830184,288
0.023286858,-0.558024666,288
0.594361938,-0.071485568,288
-0.017850531,1.017042617,288
1.627864989,-0.52043263,288
0.108925997,-1.368635458,288
0.715275569,-0.023658929,288
-0.170074898,0.002928212,288
0.904859628,-0.524249282,288
0.389903974,-0.074247154,289
-0.083738028,-0.041547031,289
1.055771791,-1.024850542,289
-0.762780138,-1.858577782,289
-0.473895701,-1.435009633,289
1.494094949,1.056621902,289
0.978287664,0.757365638,289
-0.397603307,-1.827923878,289
0.521734044,-0.307642429,289
1.01496602,-0.20964962,289
1.414465299,1.29608673,289
0.014756617,-0.91702593,289
0.99137717,-0.29605088,289
-0.289938921,-0.031029238,289
-0.358846573,-1.965990483,289
0.613304377,0.696449977,289
-0.14615213,-0.180775555,289
1.04007462,0.758166654,289
-0.701146411,-0.88499018,289
-0.380656397,-0.388351966,289
0.613944818,-0.469715392,289
0.629812401,0.132233487,289
0.917209833,0.614425997,289
0.897580651,0.590545717,289
-0.128804436,-1.434971747,289
1.207554355,0.672897299,289
0.265032503,0.286626435,289
1.010872901,-0.934781974,289
-0.159331041,0.871136818,289
0.161861146,-0.625025744,289
1.720068919,0.946432258,289
0.837008307,0.986013168,289
-0.647171259,-0.264162724,289
-0.376040166,-0.058863099,289
-0.028080767,-0.595117041,289
2.155487167,2.739535275,289
-0.19740126,-0.592181267,289
0.592858481,-0.4697604,289
2.534893165,2.138360503,289
0.970511891,0.945379858,289
0.768463675,0.815706719,289
-0.758422275,-0.18740773,289
1.84065291,0.465236557,289
0.286449826,-0.804494475,289
-0.006483222,-0.168570797,289
0.33749163,0.681693822,289
1.363908789,0.445421751,289
-0.366027605,-0.67040745,289
1.512587156,1.500545018,289
0.831741124,0.503457935,289
-0.130850862,-0.636732828,290
-0.460345813,2.048231171,290
-2.27476847,1.588749825,290
0.286163718,-0.800388756,290
-0.337684281,0.537690745,290
0.397244002,0.208714986,290
0.578746261,-2.890597399,290
-0.733161355,1.124696232,290
0.352061791,-0.362910071,290
-0.686253282,2.001989139,290
0.179135466,-1.103584753,290
0.576807977,0.327058623,290
-0.217488864,-0.3367791,290
0.106838315,-0.325577122,290
-1.162037243,1.297314839,290
0.062852525,-0.877072004,290
0.03978711,-0.923301029,290
-0.329052937,0.81939536,290
-0.534488215,-0.21997226,290
-0.781386944,-0.39872685,290
1.777880386,-2.263250094,290
-0.971950557,-0.488436468,290
-0.570612014,0.798362596,290
-0.655274087,0.219403631,290
0.378905612,-1.23114436,290
0.426342539,-0.145484239,290
-0.405450641,1.165849303,290
-0.449493753,0.357028487,290
0.383629743,-1.403789999,290
-1.19705507,0.790874084,290
2.09405929,-0.017949882,290
-0.315741386,-0.502371576,290
0.941349162,-0.877444217,290
-0.983242619,0.841631139,290
-0.892315802,1.269279451,290
-0.285702149,1.020142099,290
1.353188143,-1.45600779,290
-0.836054572,1.000101337,290
0.049388143,-0.11235645,290
-1.012861471,-0.158642229,290
-0.232939941,-0.725140677,290
0.994097272,-1.137258199,290
-0.957444918,1.260088881,290
-0.889281515,1.799622821,290
-0.321967444,-1.049929848,290
-0.318916764,0.386523677,290
0.617723787,-0.763866943,290
1.414088563,-1.666579004,290
0.218096495,-0.082472841,290
1.04823518,-0.910616836,290
0.136325036,-0.259076172,291
-1.640488562,0.704893083,291
0.808571991,-2.027487762,291
-0.628881371,1.019706442,291
-1.303518635,2.632438455,291
0.573057507,-0.684403823,291
0.061871739,-0.121785292,291
0.419283375,-1.07896921,291
0.494999466,-0.765393949,291
0.00833969,0.592250778,291
-1.339920488,0.846572202,291
-1.946816918,2.513180173,291
-0.03344133,-2.230366934,291
-1.396347939,1.161937818,291
-0.848767515,0.794092761,291
-0.170043571,0.283650701,291
-0.066574815,-2.1578243,291
-0.807791867,0.948640734,291
-1.146899356,1.894826296,291
-0.329055641,0.094554515,291
0.65512793,-0.93080216,291
-1.578263623,1.467669526,291
-1.186652413,1.67495535,291
-0.411477283,1.233255622,291
0.529916926,-0.171055382,291
1.319546465,-2.173365812,291
-0.309870299,0.336807126,291
-0.770348376,0.777532112,291
0.371102298,0.504599807,291
0.540214522,-1.507693497,291
-1.145536181,-0.379289215,291
-0.428421684,0.53294013,291
1.14552116,-1.933491182,291
0.10214625,-0.054193487,291
0.187487347,-0.340796628,291
-0.990936398,0.649388747,291
-0.939180788,0.509069449,291
-0.468081967,-0.7734549,291
-0.740916878,-0.119637668,291
-0.2287305,-0.882552565,291
-0.492276646,0.459002115,291
-2.354614394,1.63877028,291
-0.274012196,-0.144069288,291
1.045148337,-2.367289809,291
0.517619169,-1.286327168,291
0.630695595,-0.708181303,291
-1.221905824,-0.066358617,291
-0.846901107,0.684150153,291
0.153737287,0.293816393,291
-1.064347863,0.565526698,291
1.467689713,0.411026804,292
0.834016734,0.718750266,292
2.477416621,1.350410831,292
0.347038589,0.025802103,292
-0.791682719,-0.730964971,292
-0.49580673,-0.543715422,292
0.355726047,-0.78418279,292
-0.318757606,-2.074399385,292
1.378835505,0.837208721,292
0.922609203,-0.853771181,292
1.125396567,1.119222,292
1.847792715,0.959823876,292
-0.161722968,0.299901334,292
1.433709305,0.645298986,292
1.482733588,0.131789278,292
-0.08887707,0.194272886,292
-0.003346074,0.250178759,292
0.212335827,0.489381654,292
-0.095682234,-0.058369465,292
0.949111466,0.814416341,292
1.602729618,0.331339431,292
1.698381567,0.758422435,292
0.918937077,-0.215009105,292
0.591776381,-0.452711836,292
-0.144352102,-0.981806795,292
0.831687919,1.090196398,292
0.460951027,-1.075322621,292
1.500211551,1.128474468,292
-0.031370969,-0.844818846,292
2.894550372,1.215417629,292
1.414918008,0.493781564,292
1.328702244,-0.374807621,292
-0.100663551,0.345031235,292
0.365620507,-1.681961678,292
1.854697608,0.367092993,292
0.73437459,0.269199454,292
2.094767305,-0.059828014,292
0.620230557,-1.235648377,292
0.448660304,0.277734561,292
1.102234201,0.514613892,292
0.484209659,-0.877878654,292
0.181316309,-0.78832258,292
1.125793813,0.618651345,292
1.066499079,1.268331816,292
-0.106717599,-1.066154652,292
0.388380177,0.007358131,292
1.449331943,-0.421028231,292
1.347100304,-1.151474302,292
1.173513927,0.637476808,292
1.02537472,0.562215352,292
-0.157138345,0.317349156,293
-0.346493097,-0.629753244,293
-0.506843999,-0.622166554,293
-0.631587487,-0.815453996,293
-0.893201693,-2.020320102,293
0.242800329,-1.001017708,293
-0.986568469,-1.716651549,293
-0.918968198,0.899172531,293
0.431772105,-0.429741143,293
-1.036414079,-0.41011693,293
-1.02115178,0.484216862,293
0.002905904,-0.885335801,293
-0.806740728,0.587485611,293
1.10117158,-1.722459963,293
-0.5607693,1.512061263,293
0.380834479,-0.499996552,293
-0.852602393,0.214739245,293
-0.90339634,-1.38808885,293
-0.335342444,0.943134575,293
-0.881020428,-0.446240913,293
-0.911626448,0.536870772,293
-0.539228793,0.472040177,293
0.528122614,-0.384384528,293
0.436990145,-1.178709445,293
-0.021411918,0.229276569,293
-0.224036815,0.379546801,293
-0.511428421,0.223121625,293
-0.618543521,-0.934926975,293
0.711130079,-0.420570604,293
-0.643113394,-0.371865057,293
-0.341435868,0.372845476,293
-0.226955793,0.925163642,293
0.313969135,-1.229231838,293
0.467413415,-1.416426055,293
-1.315485147,1.503495634,293
-0.461851575,1.459245917,293
-0.368688623,-0.603421631,293
-0.328244646,-1.301820586,293
0.376034504,0.021486444,293
-1.16716508,1.281512976,293
-0.128724734,-0.235676177,293
0.433827239,0.847454684,293
-0.036335654,-0.252748668,293
-2.520087483,0.921369886,293
-0.870286933,-0.236602307,293
-0.769536979,-0.632773674,293
-0.04126518,-0.312842355,293
-0.920349969,0.82718409,293
0.66613934,-0.321018788,293
-0.340326525,-0.928200853,293
0.35641232,-1.448946572,294
0.561339947,-0.100271178,294
-0.35834664,0.348224875,294
-0.483629886,0.991853048,294
0.962945079,0.953397157,294
1.34574637,0.427379951,294
0.329445688,0.277362529,294
0.725172812,1.133554938,294
0.373781619,-0.46783597,294
-0.892621543,-1.544648168,294
1.094971497,-0.196049272,294
0.573016891,-0.261244929,294
1.092514186,0.668245883,294
1.174867014,-0.743904984,294
0.058329096,0.401156753,294
0.295379375,0.016834092,294
0.271299855,0.1370532,294
0.209982755,-0.864393259,294
0.339097639,0.747159203,294
0.244286556,0.039772968,294
0.45980405,0.283499392,294
0.016399864,2.826828975,294
0.917901382,0.528825614,294
1.131326392,-0.551550516,294
0.566215653,0.183599491,294
0.345822955,-1.04856074,294
1.478999629,1.46446475,294
0.63509072,-0.488069873,294
0.542747067,-0.262339908,294
-0.023672515,2.062865666,294
0.243738903,1.513025236,294
1.341137043,0.593420624,294
0.268250274,-0.955239841,294
-0.963029351,0.140091308,294
2.015841759,1.48649936,294
0.735442194,-0.785307682,294
-0.347885846,-0.330005137,294
0.713533036,-0.097246538,294
0.225744398,1.478898361,294
0.318491695,1.359743773,294
0.254028102,-1.344613,294
-0.328969673,0.607084113,294
1.790310768,-0.25127433,294
0.62227723,0.108566721,294
-0.13195882,0.038973439,294
0.585904512,-0.21118592,294
0.790551278,-0.746198585,294
0.559425449,0.269499853,294
-0.480519346,-0.847096245,294
0.266883364,0.4807774,294
-1.432621366,1.114771282,295
-0.715577517,0.306253189,295
-0.534860376,-1.110863519,295
-0.934041303,-0.547519257,295
-0.776172598,-1.623289867,295
-1.670376352,1.296911778,295
-0.36205277,-1.067880461,295
-1.276300648,2.117899201,295
-0.175403961,0.510697272,295
-0.989085498,0.642671012,295
0.226747842,-1.297443487,295
0.34672441,-1.798194284,295
-0.884961448,0.382954213,295
-0.806826513,0.706677286,295
-1.387705182,-1.578351468,295
-1.35940086,-0.172867252,295
0.103316906,0.852955426,295
-0.126975962,-0.954690572,295
-0.145379711,-0.774956537,295
-0.720181368,1.36596662,295
-1.540060803,-1.448291591,295
-0.239497965,0.13918721,295
-0.355772302,-0.022185948,295
-0.456459484,1.02238598,295
-1.167807207,0.32324998,295
-0.32764006,0.221899173,295
0.128464867,0.592644453,295
0.431514667,-0.745621075,295
-1.381106837,0.526831344,295
-0.895103955,0.949646568,295
-1.188018908,0.022889984,295
-0.492498866,0.489211116,295
-0.865084061,0.402110972,295
-0.54298995,0.849754984,295
-0.933198027,0.498263368,295
-0.34014407,-0.049865377,295
-0.584762286,0.964624839,295
-1.398480695,-0.294059622,295
-0.691795863,2.001210419,295
-0.332261791,-0.466674903,295
-0.699858587,1.566341352,295
-0.165807504,-0.097354175,295
-1.026078055,0.638894263,295
-1.86716869,0.163783949,295
-0.387632549,-0.413741467,295
-0.614936804,-0.15754421,295
-0.322062047,-0.413872917,295
-0.113815212,0.718045101,295
-0.515716611,-2.076999971,295
-0.231247785,-0.812205267,295
0.072712592,-1.601867931,296
-1.755607377,-0.985092788,296
0.316406084,-1.272145982,296
-0.617920998,-0.345709322,296
-0.168399192,1.76323509,296
-0.807180283,-1.390977433,296
-0.14544583,1.087751242,296
-0.362434429,-0.971666616,296
-0.12758753,-0.628425449,296
-0.241522392,0.521648781,296
-0.421269376,-0.403290268,296
0.315007753,1.066294244,296
-0.52449418,-0.870859055,296
-0.499327822,1.119477467,296
-0.343361082,-0.437626305,296
-1.448779539,-1.768530253,296
0.216784846,-1.601060063,296
-1.426636998,-0.356514468,296
-0.930440854,-0.798942492,296
-1.107599329,-0.057537674,296
-0.487082439,0.669367082,296
0.261486079,2.692224746,296
-0.672970094,-0.229894097,296
-0.520418724,-0.093928848,296
-0.4097561,0.609747713,296
-1.109229945,0.726766925,296
-0.489033703,0.932528993,296
-1.040952573,0.823077738,296
-0.269128317,-0.171050659,296
-0.002801684,1.717833946,296
-0.951100373,0.62972228,296
-1.221085622,-0.03522034,296
-1.185038139,-1.002307353,296
0.353215977,1.422970634,296
-0.848611934,2.156294652,296
-1.158753828,-0.399336893,296
-0.519921755,-1.239829933,296
-0.6115661,0.349243398,296
-1.022564352,-0.088653464,296
-1.716950199,-1.497741566,296
-1.430900568,0.104907316,296
-0.97154752,0.014075302,296
-0.483860886,-0.118473992,296
-0.730356514,0.093269276,296
-0.875079532,-0.21714655,296
-0.575351471,-0.063051466,296
-0.878895358,1.48288428,296
-0.698139597,-0.645507627,296
-1.005961546,1.052984509,296
-0.889765978,-0.632579452,296
0.642712044,-0.509679171,297
1.448324025,-0.873511835,297
0.129716359,-0.186516621,297
0.095273417,0.037671169,297
-0.096667103,0.164515349,297
-0.105917872,-0.30653512,297
0.13855909,-0.136029541,297
-0.263018161,-0.674452011,297
0.744349779,1.662186193,297
0.504433229,-0.333883217,297
0.270781119,-0.936342728,297
1.076821318,0.011356113,297
0.302245169,0.054438547,297
0.260401933,0.107454837,297
-0.098753893,-0.87989432,297
-0.72598832,-1.244937748,297
0.658640952,0.48594046,297
0.192985235,1.986538314,297
1.129986855,0.233070312,297
0.600007391,0.349721759,297
0.599674131,0.255922347,297
0.49082005,2.386008581,297
-0.037807429,-1.178547453,297
0.83117948,-0.022450016,297
0.971131242,0.505012794,297
0.526002942,-0.136943857,297
0.98981087,0.839265241,297
0.527143063,-0.620339304,297
-0.314282435,-0.549696816,297
1.065174,1.24975479,297
0.91370112,-0.249647904,297
-0.349640776,-1.314615602,297
-0.002483501,-1.986025,297
-0.649321011,-0.321818799,297
-0.255769583,-0.564107518,297
1.101947404,1.360048362,297
1.182745561,2.662718467,297
0.148246743,0.587815309,297
-0.233699485,0.965240208,297
0.838727146,-0.785901442,297
0.750102292,0.328333338,297
0.783108062,0.214691558,297
0.714321979,-0.40826797,297
-0.212854912,-1.042709873,297
0.9169358,-0.564868028,297
-0.197393178,0.094488279,297
0.389335587,-0.027115944,297
0.636936266,0.650398231,297
0.179541167,-0.403496451,297
1.171553664,1.829587874,297
0.474118076,-1.419474672,298
0.492867208,1.400880291,298
0.112596017,0.959473024,298
0.251026246,-1.2703063,298
0.052485511,0.697078045,298
0.118077832,-1.878635283,298
0.821675561,-0.675205026,298
1.013620653,1.34028909,298
0.266408131,2.538424898,298
0.224465151,0.095217095,298
1.63652154,0.111127358,298
0.182552576,-1.235462053,298
0.436934817,-1.191451127,298
1.169577204,-0.273757285,298
0.347175108,-2.380423634,298
0.892126004,-0.826114158,298
0.214170802,-0.09925185,298
0.297835238,1.118736677,298
0.173044922,0.541430951,298
-0.155199531,-0.064248007,298
0.806783685,0.690821811,298
0.348448922,-1.076288407,298
-0.030534712,1.105644544,298
0.591195869,-0.091066596,298
0.496281837,-0.819752993,298
-0.5367888,1.188163911,298
0.775141068,-1.052641503,298
-0.077003902,-0.270428785,298
0.27144689,-1.14837003,298
0.791413741,-0.815134463,298
0.5555353,-0.159518748,298
-0.076401488,-0.888527515,298
0.187416808,-0.305132409,298
0.363949268,-0.479697076,298
1.506874815,-2.457376045,298
0.277978907,0.524083208,298
0.422304497,1.186147566,298
-0.48293849,1.221620516,298
-0.07146067,0.558461013,298
0.701722897,0.381481237,298
0.906155134,-0.255813189,298
0.375369352,-1.770038904,298
0.892131847,0.632882255,298
0.535998928,1.631021115,298
0.005483745,-0.094935909,298
0.285508626,0.692871567,298
-0.099977534,1.58982911,298
0.451189548,-1.305674145,298
0.660192407,1.589611033,298
0.179167888,-0.427758555,298
0.624708932,0.362252266,299
-0.43893815,-0.537316172,299
-0.886678413,0.220707484,299
-1.311117599,-1.996899616,299
0.31985926,-0.511895152,299
0.004166504,-1.598634088,299
-1.519099292,0.662138036,299
0.095072323,-0.190844617,299
-0.300609587,-1.212264615,299
-1.918546503,-0.401978808,299
-0.742482565,0.068760657,299
-1.192714406,-1.085533981,299
-0.622352714,-0.222954333,299
-0.024191574,-1.300937839,299
-1.100448601,0.295614958,299
-0.43494625,1.425713216,299
-0.758529287,-0.759823057,299
-1.462110471,0.158361724,299
0.111245644,-0.239209023,299
-0.093277316,-2.631312161,299
-0.1925661,-0.893540301,299
-0.455269133,-0.490059306,299
-1.429514682,-0.501084014,299
-1.136040267,-0.558893581,299
-0.77939331,0.600778293,299
-0.367170984,1.971053012,299
-0.174106706,1.396345056,299
-1.208335655,0.352381228,299
-0.165032138,-0.603806361,299
-0.383272985,0.25124853,299
-0.137243204,0.69210086,299
-1.075300942,-0.015265767,299
-0.077663222,-1.274210179,299
-1.04953221,-0.447237002,299
-0.363105528,-0.637887405,299
-1.289362452,-1.137032218,299
-0.862176022,0.868555856,299
-0.06025031,-1.848929843,299
-0.415542476,-1.07959427,299
-1.115170632,0.414154657,299
-0.84019484,-0.461614476,299
-1.156261992,-0.751307967,299
-0.055259596,-0.062889429,299
-1.120869278,1.847437147,299
0.079506551,0.842474992,299
-0.928465271,-0.529264955,299
-0.531884222,-2.07623524,299
-0.650611196,0.464469827,299
-0.27752302,-0.642743642,299
-0.062871193,0.868888113,299
-1.089595622,1.138925255,300
-0.043416296,-0.346005149,300
-1.293094473,0.294041474,300
-0.722578928,0.236634744,300
-1.250580866,-0.757768082,300
-0.185781787,-1.227626226,300
-0.875773441,0.04680601,300
-0.08075756,1.140762801,300
-0.708270224,-0.649114738,300
-0.289800759,1.642537981,300
-0.145757733,-0.96953121,300
-0.281646731,-1.104812858,300
-0.107197602,-0.894578434,300
-0.49179819,-0.99870823,300
-0.622896095,-0.068422311,300
-0.951786641,0.460719535,300
0.136132616,1.067917209,300
-0.061280443,-0.087899583,300
-0.878904627,-0.441410292,300
-1.044521993,0.655923566,300
0.857676495,1.119377155,300
-0.17806556,-0.684881025,300
0.103787981,0.22050212,300
0.654371912,0.507657278,300
-0.619508282,1.70419242,300
-1.321462989,-0.612092186,300
-0.544139298,-0.690186925,300
-0.358619516,-0.834286391,300
0.035654385,0.913064421,300
-0.399649433,-0.114778925,300
-0.573286155,-0.701030934,300
-0.038624662,1.790807003,300
-1.197098499,-1.725522002,300
-1.348800017,0.206171526,300
-0.411441226,0.208399488,300
-1.075336671,-0.868023244,300
-0.945445584,-0.791144814,300
-1.329051414,0.896111823,300
-1.470108824,-0.97031359,300
-0.72130724,0.276056724,300
-1.360632386,0.220598104,300
-1.661308211,-1.2401771,300
-2.153318958,0.304021741,300
-0.287307904,-0.849099046,300
-0.954741768,-0.04252236,300
-1.295838925,0.085718657,300
-0.493493518,-0.155646531,300
-0.226060547,0.796826096,300
-0.968045066,1.061193755,300
-0.520248006,0.352490856,300
-1.242141814,0.28296637,301
-0.895982392,0.819387951,301
-1.244783809,0.831260081,301
-0.609436327,-0.750147944,301
-1.755442103,1.872823143,301
-0.587868735,-0.768718353,301
-1.281856325,0.784910255,301
-1.799215378,-0.300399688,301
-1.824849932,1.749353423,301
0.336648739,0.357996308,301
0.777527572,-0.998350932,301
-0.162963885,0.650685426,301
-0.373716529,0.154274651,301
-1.417861595,0.645921279,301
-0.107523989,-0.963836305,301
0.198087657,0.458779228,301
-0.496052777,-0.075520251,301
-0.451931531,0.911550524,301
-1.166118075,-0.434129829,301
-1.634274465,2.386264205,301
-0.396177775,-0.06989074,301
-0.283428401,-0.146111046,301
-0.182536058,-0.082510387,301
0.159536967,-0.020914988,301
-1.04048324,1.775020901,301
-0.073467519,0.813495842,301
-0.047196475,-0.537745486,301
0.020164682,-1.167845154,301
0.208327209,-0.568452565,301
-2.187159664,1.373762065,301
-0.905785,-0.76196769,301
-0.518324929,1.727700072,301
-0.239112765,0.185984643,301
-0.716962637,-0.885926712,301
-0.84329954,1.29398851,301
-1.327165468,-1.113788455,301
-0.902587175,-1.312502371,301
-0.981995294,0.32574265,301
-0.481706592,0.273767331,301
-0.866865114,0.868780682,301
0.208218534,-0.425650464,301
0.169138398,-0.024610139,301
-0.665454218,1.440762336,301
-1.337975105,-1.012362002,301
0.127905809,-1.784115148,301
-1.167784944,0.473953197,301
-1.243950422,0.223973851,301
-0.732382919,0.528261684,301
-1.595138235,2.201504315,301
-1.018340737,1.685962627,301
1.023705965,0.12284881,302
1.416755616,1.684432119,302
-0.341843341,-0.92334675,302
0.047311341,-0.146691139,302
-0.016692459,-0.822966438,302
-1.051589549,-0.664913468,302
1.486788331,0.393561922,302
0.30618829,-1.320884467,302
1.960257475,0.365609524,302
0.195633875,-1.998844126,302
1.205235674,-0.232748479,302
0.265408175,0.131941228,302
0.959301201,-0.209960876,302
1.347878115,0.497850006,302
-0.094311442,-0.498648409,302
-0.721570004,-0.887153373,302
1.061238137,1.442318765,302
0.352579694,-0.542208579,302
0.333901624,0.185811645,302
0.804631729,-0.219280016,302
0.741168038,-0.133963104,302
-0.162173745,-0.376509832,302
1.119151915,-0.469836738,302
-0.07911,0.398039552,302
1.230728837,-0.009119028,302
-0.413112183,-0.314818918,302
0.510418863,-0.403161974,302
1.543989265,0.834708977,302
0.585021413,0.631760239,302
0.043729384,-0.280642224,302
1.128153617,0.749056973,302
0.404994149,-1.038898842,302
1.8810705,1.591954048,302
0.558061601,-0.165943847,302
1.043718312,-0.895156293,302
0.788994528,1.27436007,302
2.148096819,0.72328724,302
0.649900554,-0.53672642,302
0.25252046,-0.073342071,302
1.383103881,0.399483326,302
0.422757095,0.165949046,302
0.400549547,-0.577450859,302
0.66435631,-0.402431158,302
0.583836293,-1.099410145,302
0.136908281,-0.889493211,302
0.783072388,-0.580228619,302
-0.044398962,-0.572077816,302
-0.75430917,-0.848370535,302
0.872130508,0.441298635,302
1.496372499,0.98024503,302
0.129760836,-0.608492963,303
-0.332756312,0.715744608,303
-0.193803841,-1.561054747,303
0.791886442,-1.467458702,303
-0.527510857,0.507640432,303
-0.770102559,0.906170315,303
0.250892216,0.448038555,303
0.819604237,-0.545515216,303
0.401269852,0.420702412,303
0.729893823,-0.531973189,303
0.60155624,-1.450379116,303
0.345107475,0.665750059,303
-0.22525213,0.399175164,303
0.915421202,-1.298271568,303
-0.803197237,0.921995339,303
0.252068067,0.388123199,303
-0.180767646,0.099093193,303
0.563813998,0.310602799,303
-0.353510536,0.247109657,303
0.163117324,-1.348508569,303
-0.256364324,0.339823171,303
-0.272582103,0.703090426,303
0.511269822,-0.503166132,303
0.225077018,-1.472591928,303
-0.202043658,2.069001503,303
-0.524188339,2.398820436,303
-0.225860054,-0.612723366,303
-0.764054149,1.631825198,303
0.986602792,-1.836374065,303
-1.750247418,1.725794111,303
0.324353044,0.402959072,303
-1.337606115,0.193463935,303
-0.534525909,0.353136989,303
-0.455371872,0.635358513,303
-0.20844756,0.71170835,303
-1.306880309,1.449255839,303
0.955284315,-1.34551465,303
-0.013744254,0.670488606,303
0.045878423,-1.452585506,303
-1.627299405,1.908056472,303
-0.901915978,2.379006624,303
-0.349304311,-1.168632836,303
-0.554084616,1.102839188,303
0.832271641,-1.994145845,303
0.560050256,-1.62010961,303
1.11115247,-1.898114919,303
-0.918694954,-0.604370652,303
0.617771117,0.158235044,303
-1.061569212,1.105924398,303
-0.193120116,-0.864114475,303
-0.618501967,-1.330930577,304
0.450551357,-0.111374699,304
-0.889618466,-1.667397766,304
1.110291489,-0.435197368,304
0.347998362,-0.221592161,304
1.286435055,0.440037485,304
-1.205787975,-1.748801663,304
0.741027576,-0.788665339,304
0.916282532,0.324227424,304
-0.747801132,-1.92788248,304
-0.222799514,-0.816739865,304
1.162713927,0.576191984,304
0.042069017,-0.237011784,304
1.355901628,1.45877546,304
0.416937378,-1.106984922,304
-0.326534781,-2.189232894,304
0.238454933,0.228820747,304
0.284320452,-1.123547399,304
0.83797999,0.758156417,304
0.705806784,0.544085426,304
0.460487542,0.259403596,304
-0.008847879,-0.785223957,304
1.503057991,0.649661314,304
-0.032185073,0.946910108,304
0.763838795,-0.186837654,304
0.836769176,-0.22895158,304
0.788780345,0.906642186,304
0.200315084,-0.031551241,304
0.737850236,-0.097094522,304
1.715996714,1.8377519,304
1.014832912,1.346124249,304
0.411144996,-0.264578796,304
1.111950336,1.708366381,304
1.585072698,1.454997305,304
0.630786607,0.014623008,304
0.043128129,0.267512456,304
2.246486003,2.210523543,304
1.288394577,1.241147576,304
1.999867913,1.173320711,304
-0.030671788,-0.027609505,304
-0.155758676,-0.426925711,304
1.714398236,2.192060404,304
1.544579963,0.045750404,304
0.816305766,1.922213133,304
0.343145781,-0.662724453,304
1.053239465,0.336759839,304
1.52390678,1.174407121,304
0.888466317,0.930094173,304
0.645686444,-0.288515662,304
1.514349632,-0.608895675,304
2.461550189,0.081058799,305
1.581486889,0.73491667,305
2.241353835,-0.113961573,305
1.218334057,0.348148574,305
1.18248125,-1.030949853,305
1.079014202,-1.08379038,305
2.21550513,-0.066689806,305
2.375026378,0.324274488,305
2.79873395,1.593706425,305
4.268069912,2.44398813,305
1.530371103,-0.808745615,305
2.90497644,1.626487845,305
0.653383353,-1.559916311,305
1.696200287,-0.957266081,305
1.225757613,-0.13121083,305
1.783969237,-0.973794181,305
2.032934431,-0.289000385,305
1.916345013,0.489223736,305
1.316896535,0.226125346,305
1.880903061,0.649321709,305
0.627042813,-1.188751047,305
1.704334168,0.535426255,305
1.343526845,-0.247201127,305
2.610520357,1.280378462,305
2.26137677,-0.417801649,305
0.142912218,0.225406282,305
2.242959767,0.356214428,305
1.87025563,-0.147839798,305
1.579694959,0.008141906,305
1.78780169,-0.497673269,305
2.102543886,0.035088527,305
2.013165963,-0.88635003,305
1.296895186,-0.504773882,305
1.11183886,-0.131458235,305
1.467258966,0.157117855,305
1.599237371,0.258474009,305
-0.200636136,-1.564898092,305
2.72643711,1.771570228,305
1.451448607,-0.313212633,305
2.739207309,-0.042582804,305
1.579509322,-0.021986822,305
2.017571149,0.155989443,305
0.564810069,-0.572449666,305
2.387486175,0.392028541,305
2.355859627,1.365279857,305
1.983363944,0.070574257,305
0.935892109,-1.352827415,305
0.823645562,-0.692933732,305
2.323911487,1.134642823,305
2.124060133,0.284583943,305
0.164332764,-0.009233715,306
0.429657914,0.19592787,306
-0.51504162,0.708989131,306
0.098246006,-0.591049494,306
-0.288449089,0.272960174,306
-0.336623248,-0.80309634,306
-0.129163794,2.877055423,306
-0.28419216,-0.567929108,306
0.042041164,0.496804776,306
-0.091007766,-0.179993258,306
0.50828633,0.85456393,306
0.684896479,-0.442893914,306
0.109831898,-0.437029405,306
-1.184539667,-0.016065368,306
-0.312504203,0.215065532,306
-0.788162888,-0.000171927,306
0.404227586,1.939655607,306
-0.19695335,0.468814812,306
-0.107984792,-0.578787607,306
0.902358526,-0.16575443,306
-0.254687324,1.190445225,306
-0.061216315,1.290188802,306
-0.525121886,-0.09554575,306
1.051431794,1.2768837,306
0.064376511,-1.650121557,306
-0.202921212,-0.129957322,306
-1.011925339,-1.480841701,306
-0.822429934,0.064934058,306
0.599804114,-0.597747108,306
0.598147224,1.016589321,306
-0.854369163,0.416573908,306
-0.392819903,-0.829750978,306
-0.040248744,1.328536945,306
0.20094707,-0.629960771,306
0.869816407,-0.360591521,306
0.763543329,1.137821318,306
0.685020843,-0.183606534,306
-0.700243628,1.412033488,306
-0.467846649,0.338579288,306
-0.123285305,0.187652153,306
-0.417413587,-1.618695901,306
-0.299262021,-0.759994293,306
0.775962164,-0.286234953,306
0.572968606,0.265046985,306
-0.243124395,-0.543906669,306
-0.293220066,0.893289185,306
0.117939745,-0.558976073,306
0.202381328,1.129053527,306
-0.561795198,2.026295981,306
-0.266006796,-0.410477292,306
0.732928495,-1.502633826,307
1.139759327,-1.85402831,307
0.276539045,-0.472964022,307
-1.266089767,0.463593817,307
0.161564501,1.477497902,307
0.315591218,-1.900122492,307
-0.369260394,-0.503960121,307
-0.555564566,1.538261863,307
-0.631580681,0.792252959,307
0.071299788,-1.200618727,307
0.370313239,-0.235036837,307
-0.057019796,0.027761216,307
0.065353104,0.167513207,307
0.135580537,-0.924926985,307
-0.260801667,0.770954059,307
-0.036487588,2.012533562,307
0.78641305,-1.037795837,307
-0.141045854,0.510357832,307
0.5037003,0.770323679,307
-0.009396204,0.201850553,307
0.198549048,-1.01294346,307
0.422074808,0.595840083,307
-0.297282147,-1.400308443,307
0.263131198,-0.817489246,307
0.825153284,-1.944113029,307
0.449009787,-1.303082915,307
0.603276086,-2.031031067,307
-0.529015116,0.346987281,307
0.207924493,1.047577244,307
0.066560397,-2.343518791,307
-0.041634301,-1.208092362,307
-0.431953713,1.848645677,307
-0.786415321,1.102810163,307
-1.360777434,-0.216831129,307
0.583514126,-0.204117864,307
1.175252939,-0.420607135,307
0.182578809,0.02550715,307
-0.726373381,-0.432258439,307
-0.241804952,2.592519819,307
0.003786309,-0.124232246,307
0.167927373,-0.097146566,307
-0.209723487,-0.407351503,307
0.22159718,1.189459019,307
0.482511511,-0.956097385,307
0.204652582,-1.0576284,307
-0.812818861,0.587892747,307
0.514941217,-1.549352288,307
0.245635339,1.676646394,307
-0.656820645,0.654788659,307
-1.112582199,0.572745542,307
0.36090655,-0.375880713,308
-0.154364896,1.771623698,308
0.98684585,-0.952500915,308
0.468366082,0.371412427,308
-0.324926235,-1.551589206,308
-0.991696019,-0.733600491,308
-0.574113325,0.578348524,308
0.397388066,0.135194175,308
1.028535099,-0.203359172,308
0.489391725,0.213684036,308
0.372055512,-0.168068413,308
-0.385679052,0.95763682,308
-0.072930648,0.919170991,308
0.53747383,-0.948693994,308
-0.270973181,0.888318181,308
0.823362276,-1.358598068,308
-0.091714679,1.055986405,308
-0.818559767,1.226272507,308
0.431537546,-0.971919016,308
0.001997835,-0.222063308,308
-0.432224535,-1.146984639,308
-0.124361256,0.676236329,308
0.078114207,0.056712904,308
-0.071066937,1.742414992,308
0.543044272,0.342373503,308
-0.084911194,-1.050447145,308
-1.399319817,0.358667473,308
0.899900199,-1.121568764,308
0.042951805,2.318409627,308
-0.28116161,0.959594367,308
1.281554295,-0.415338544,308
1.076378273,-0.231325562,308
0.507344094,-1.801368553,308
1.918679439,-0.18046708,308
0.381381469,-0.840381275,308
0.254210992,-0.326174614,308
-0.41717234,-0.533090515,308
0.275686387,1.47587188,308
0.248860821,0.417902072,308
0.40411542,0.496844117,308
-0.1747601,0.483068972,308
0.228037385,-1.826432722,308
0.64856941,0.397929163,308
-0.000106458,-0.336798314,308
0.325771757,-0.094866762,308
0.175467591,-0.746832288,308
-1.144537171,1.491420104,308
0.66545902,1.357278232,308
-0.127827863,1.331398301,308
0.432350653,1.094488826,308
0.337910862,-0.488247571,309
-0.5249727,2.089581609,309
-0.402465707,-0.079488674,309
-0.212286468,0.008672957,309
-0.941314919,1.201552224,309
-0.138210245,-0.742995719,309
0.337563753,-0.658566714,309
0.886170905,-3.175866958,309
0.164469448,-0.497809909,309
-1.164070444,0.553993325,309
-1.094246138,0.438418461,309
0.461569113,0.367501254,309
-1.567828797,2.261263727,309
-0.707386687,0.040326257,309
-0.364443698,-0.215568817,309
-0.060041888,-0.774614151,309
-0.181511646,-2.229970874,309
0.046460128,-0.744733545,309
-0.546284091,0.290398022,309
-0.008804359,-2.240294637,309
-0.640731662,1.255362144,309
-0.696807228,0.109897289,309
-1.520377314,2.206922905,309
-1.081912769,0.687747375,309
0.914046732,0.180355566,309
0.036396822,-1.05928771,309
-0.862287698,-2.006839325,309
-0.117297261,1.047108991,309
-0.423913329,1.422104684,309
-1.655687009,0.804887406,309
-1.7201631,0.721912547,309
-0.768584255,0.440221015,309
0.053075453,-0.852819335,309
-1.802520849,0.377081865,309
-0.736935347,0.929066415,309
-1.30857731,1.821527864,309
-1.124004626,1.980272092,309
-0.505158866,1.214773193,309
-0.524937233,-0.814532475,309
0.463620919,0.099952618,309
-0.142223959,1.305420832,309
0.877005069,0.277093115,309
-0.250447616,-0.194465694,309
-0.589922565,2.952896681,309
0.106718884,-0.055918297,309
0.592272714,-0.430851964,309
-0.686205635,0.086405648,309
0.59962851,-1.817868281,309
-1.669339684,-0.226056763,309
0.065591025,-1.19379614,309
0.161051433,-0.972154215,310
0.998824864,1.590555507,310
0.454484859,-0.571733529,310
0.352271868,-0.562853309,310
1.778553977,0.407948641,310
-0.073003353,-0.912745046,310
0.404616287,-0.916061232,310
1.115035568,-0.14866723,310
2.193328997,2.072177743,310
0.780700251,0.597612048,310
1.873025223,1.699831031,310
1.025942621,0.925259968,310
0.427483411,0.124962831,310
0.135005643,-0.419048128,310
0.969587447,0.12024402,310
0.588193124,-1.313796438,310
-0.100179414,0.087308384,310
0.749579805,-0.42972307,310
-0.010811112,-0.259508765,310
-0.217072351,-0.574909648,310
-0.894090056,-0.558037652,310
0.350709095,-0.627700505,310
-0.331264348,-1.621329397,310
1.060085992,-0.340532428,310
0.295156364,-0.320643984,310
-0.41265673,-2.132558553,310
1.306148626,0.989167767,310
0.594635835,0.065562413,310
1.371213598,1.227380847,310
0.575084668,-0.462159578,310
0.199803523,-1.322882015,310
1.323358412,1.016296317,310
2.629641921,2.763972237,310
0.108854846,0.353713838,310
-0.176582912,-0.710321057,310
0.380718119,0.469101603,310
-0.303856502,-0.323772095,310
0.254896804,-0.770856055,310
-0.397836641,-1.74842541,310
0.799347079,0.364051187,310
1.067790193,0.310936691,310
-0.7629939,-0.209474523,310
1.633660101,1.546800399,310
0.533797856,-0.744362626,310
0.225628573,-0.671873273,310
0.558612978,0.699565587,310
-0.214668623,-1.430925884,310
1.061839166,-0.217010666,310
0.678663675,-0.251948276,310
0.655341042,-0.668655368,310
0.863577105,-1.572493703,311
-1.374207743,1.293977051,311
2.264692841,-1.850994067,311
0.241144862,0.062924318,311
-1.079491666,1.717379968,311
-0.606834198,0.841663054,311
0.004161074,0.355681327,311
0.961131386,0.171180144,311
-0.304142191,1.678428701,311
0.13724017,-0.61382329,311
0.866225091,-1.304324622,311
-0.70723657,0.582634992,311
0.983545035,-0.624990971,311
-0.94025274,0.703689264,311
-0.177884699,0.067495337,311
-0.112946093,0.185998296,311
-0.003623914,0.554970563,311
-0.230981181,-0.138594315,311
-0.22305488,-0.01600497,311
-0.316119552,0.077752861,311
0.441087883,-1.417030347,311
-0.123874998,-0.225488392,311
0.914846161,-0.808447553,311
-1.259820357,1.039002301,311
-0.004955758,0.17181999,311
-0.148631327,-0.076606871,311
0.66745445,-1.275492267,311
0.727949258,-0.236347317,311
0.660415729,-0.198776356,311
2.210863988,-2.072773458,311
-2.415109059,1.487786068,311
0.740167981,-0.07612742,311
-0.323912194,0.739854739,311
0.430830998,0.172499529,311
1.794930355,-1.516364772,311
0.949967886,-0.267444557,311
0.506839522,0.027092076,311
0.061409864,0.3564387,311
-0.998943763,0.287400681,311
1.609205915,-2.147741865,311
-0.624793434,1.512405842,311
0.691553134,-0.573698524,311
0.137136316,0.496586177,311
-1.888242049,1.909928775,311
-0.240172266,0.029286111,311
-0.191584203,-0.189712667,311
1.163104769,-1.388829075,311
-0.855334261,0.999391218,311
2.155613977,-1.777502279,311
0.425904806,0.663236106,311
0.565025577,1.094311867,312
-0.144396334,1.719288296,312
0.973479132,-0.375813415,312
-0.516761401,0.390852124,312
-0.132130854,0.251648003,312
0.605142894,-2.386290173,312
-0.346435651,0.177310834,312
0.987159691,-2.072016469,312
0.067345876,-1.159734612,312
0.445055887,1.471309115,312
1.039890257,0.074744219,312
0.661652216,-0.477297276,312
0.156216469,-1.035753524,312
0.589955117,-0.271868035,312
0.529256114,0.545398552,312
0.469347291,0.778492785,312
0.188352443,1.89013617,312
-0.119480003,-0.702658486,312
0.898858123,-1.945359739,312
-0.506583921,-0.88413709,312
-0.137835235,1.561754959,312
0.597213008,-0.061834148,312
0.675130435,1.469390095,312
-0.508263374,0.441289399,312
0.423228576,-1.08845182,312
-0.532543762,1.267846333,312
-0.08026351,-0.266972622,312
-0.580150618,0.098384911,312
-0.006633209,-0.252969072,312
0.132292376,-0.541801381,312
-0.104570493,1.376997157,312
-0.261727363,2.997422574,312
0.666170071,-1.684147847,312
0.245994906,0.76803071,312
0.145189463,0.219245557,312
0.305571207,0.555927723,312
0.10441348,-0.134572646,312
0.019786262,0.707417558,312
2.068409202,-3.758727866,312
1.000847592,0.100726888,312
0.361453272,0.355165953,312
-0.57281143,0.330301624,312
0.509942591,-1.195225594,312
-0.012340015,-0.82014099,312
0.788358371,-1.724652796,312
0.963686728,1.229334973,312
0.571364733,-0.667730499,312
0.374109105,0.039850092,312
0.426961093,0.086531122,312
1.262340676,-2.382417183,312
1.655983667,-0.81855837,313
1.270489459,-0.564981236,313
1.038176566,1.157981714,313
-0.487515601,-1.821430697,313
0.872516163,0.751883172,313
-0.437273058,-0.672782825,313
-0.035868314,-0.49667236,313
0.571793401,0.001128023,313
1.677959175,0.947214353,313
0.894500911,0.478174629,313
0.12133096,-0.084885535,313
-0.198134188,-0.724118858,313
0.437310422,-0.271549986,313
2.227590217,-0.00252071,313
-0.49533759,-0.821137217,313
0.881012137,-0.034603171,313
-0.254381075,-1.363774964,313
1.694415638,1.042625093,313
-0.61095772,-2.287958249,313
-0.094988542,-0.277425486,313
0.932630538,0.641176523,313
0.667418398,-0.180202246,313
1.66266336,2.103842912,313
0.197814831,0.031015826,313
-0.638145183,-1.344116148,313
0.621873291,0.134771344,313
-0.220219617,0.715821776,313
0.373222154,-0.540596957,313
1.077755765,1.034776327,313
-1.008721609,-2.233288425,313
0.897656384,-0.150246224,313
2.753402118,2.071822235,313
-0.3680949,-1.19753768,313
2.787766529,2.083509136,313
1.839640651,1.538859356,313
1.580937537,0.526160369,313
0.693280887,-0.337075224,313
-1.290624374,-2.143553717,313
0.599367145,0.633093451,313
1.100095082,0.620874316,313
0.281330678,0.122035708,313
0.699089586,1.299723712,313
2.598513866,1.980236613,313
0.322814111,-0.328199666,313
0.233100226,0.222187479,313
-0.678837091,-1.590124344,313
-1.156342463,-2.065014507,313
-0.237872902,-0.308930263,313
0.690087194,0.229236782,313
0.597329418,0.611894293,313
-1.486503275,-0.88117853,314
-0.931050055,-0.727383272,314
-0.891137149,0.852058573,314
0.120485225,-1.491609745,314
-1.31703076,0.669461078,314
-0.761743107,1.850708963,314
-0.770930163,-0.046250364,314
-1.235409675,-1.069898892,314
-0.513233243,-1.405765746,314
-0.362236337,0.813521636,314
-1.154742586,-0.847563761,314
-0.72861887,1.188380005,314
-0.397233003,1.351780743,314
-1.014012479,1.251451928,314
-0.765272266,1.241856799,314
0.075038271,-0.927044241,314
-1.282486404,-0.24318335,314
-1.136330695,0.174629482,314
-1.566001007,-1.608042683,314
-1.451757578,0.231451406,314
-1.085781656,0.124547099,314
-1.94219136,0.894878967,314
-0.350762397,-0.69538076,314
-0.419052884,0.608666594,314
-0.685539368,0.895776398,314
-0.768466112,-0.664903771,314
-0.872399042,1.401323163,314
0.427593185,0.896209693,314
-0.892267756,-0.07705968,314
-0.772832424,0.279015563,314
-0.942094728,1.476697046,314
-0.6796346,2.1265953,314
-0.796279417,1.00263635,314
-0.985838091,-0.44302998,314
-0.595399102,-0.585735196,314
-0.321697971,1.12599758,314
-0.410362914,-1.369309377,314
-0.90338131,1.438582036,314
-1.45076425,-1.882458075,314
-1.654014161,-0.535183476,314
-1.594219046,0.498806993,314
-1.647223741,-0.066713195,314
-1.648423113,-1.263608287,314
-0.333576518,-0.894488825,314
0.25808965,1.501003079,314
0.182395639,-0.032316152,314
0.374066764,0.503478469,314
-0.880455659,0.62755624,314
-1.657030828,-0.46087858,314
-0.909577022,-0.516716133,314
-0.879581374,0.186340856,315
-1.543505418,-0.439812752,315
-0.81265718,0.129220194,315
-1.588862425,0.195755181,315
-0.904301225,-0.405185341,315
-1.028322534,-1.183192981,315
-1.374295695,-0.491391411,315
-0.696830969,-1.932348319,315
-0.799801372,-0.493258491,315
-1.331472017,1.223018514,315
-0.223436906,0.076273986,315
-1.357670065,0.190236258,315
-0.645127569,-0.194635325,315
-1.100620782,2.920333777,315
-0.205610384,0.445294701,315
-0.975637833,-0.920010316,315
-0.331037262,0.734853155,315
-1.18625468,0.948844574,315
-0.477518156,-0.089251695,315
-0.901391555,0.917917566,315
-0.413671547,-0.448908554,315
-1.025468952,0.801787442,315
-1.536362842,0.585412165,315
-1.372275734,-0.275276712,315
-0.690883658,-0.065808534,315
-1.197352109,-0.582510929,315
-1.520445966,-0.816718303,315
-1.326853558,0.638664878,315
-0.840294956,-0.915846768,315
-1.626475428,0.25611698,315
-0.509291439,0.596457779,315
-2.323334483,1.333791485,315
0.416647956,-0.646170517,315
-1.128068503,-1.425593774,315
-0.711982984,-0.599569514,315
-1.941349056,0.507571889,315
-0.641128527,-0.932774897,315
-0.62453464,-0.303205424,315
-0.144909616,-0.584489037,315
-1.154353879,-2.207400855,315
-0.345273407,-1.054241481,315
-0.766451861,2.097708329,315
-1.183903387,1.486847661,315
-0.568050203,0.450535345,315
-1.471099013,1.369025335,315
-0.738515951,-0.734691077,315
-0.840167637,-0.027406798,315
-1.323291256,-0.48952843,315
-1.853102765,-0.269153599,315
-0.871483242,0.485447665,315
0.707922766,-1.141492201,316
-1.239049534,1.103308963,316
-0.494112548,-0.701729328,316
-2.186405008,0.708889328,316
-2.429199145,1.685720096,316
-1.954215289,2.419350461,316
-1.246840592,0.959816664,316
0.035708407,-1.493852948,316
1.29627046,-1.249681478,316
0.398515114,-2.021233231,316
-1.503848463,0.954262725,316
-2.068782525,1.630981957,316
-0.743607404,-0.217189548,316
-0.681226319,0.418244722,316
-1.759907962,1.894274915,316
-1.292801861,1.048724231,316
0.67554162,0.136479699,316
-0.263111902,-0.601752209,316
-0.917008889,-0.787797576,316
-1.444956078,1.590006389,316
-1.939207138,1.321416759,316
-0.647291601,-0.224370751,316
-0.324722904,-1.065932229,316
-1.294603312,0.201054472,316
-0.903858012,0.181466508,316
-0.594499501,0.074910479,316
-1.409185127,0.23591859,316
-0.654366589,1.37894137,316
-0.828513321,0.22729883,316
-3.449166243,2.376140172,316
-1.109033917,0.371295682,316
-1.732638299,0.622281897,316
-0.519230273,0.721220937,316
-1.396864518,0.243496455,316
-1.723532394,0.363777373,316
0.528691677,-0.396369182,316
-1.747543937,0.883712574,316
-0.074399465,0.047191236,316
-1.727818196,0.834428414,316
-2.028421154,0.696181103,316
-1.015337143,0.585663864,316
-1.074767678,-0.002032489,316
0.111383451,-0.373571621,316
-1.608749803,1.53631211,316
-0.059096135,-0.827371479,316
0.021632712,0.270828048,316
0.245491855,-1.541347525,316
-0.590303553,0.47280279,316
-1.653188115,1.111200521,316
-0.577383771,-0.750845238,316
-0.082021159,0.831692399,317
0.544284136,0.592406985,317
0.236355895,1.507595786,317
0.902795789,-0.522251698,317
0.304834544,-1.197200261,317
1.627771496,-1.355168956,317
-0.942056707,1.147433373,317
0.32582832,-0.401227901,317
-0.724542525,-0.345272771,317
0.35822936,-0.219159412,317
-0.111419282,0.413701326,317
-0.079520238,0.294482511,317
-0.03935056,-0.623037023,317
-0.655554312,1.133586158,317
-0.002286371,-0.03745842,317
-0.28250039,-0.268061529,317
-0.687902488,1.04324013,317
-0.445302245,1.281036247,317
-0.363928522,-0.697568232,317
-1.313866901,0.3354909,317
-0.093922504,0.112190583,317
0.668092691,-1.26180502,317
-0.846610272,1.562299468,317
0.304175785,-1.21197749,317
0.372648084,0.329472835,317
0.840048621,-0.797342571,317
-0.599169671,-0.19203841,317
0.120369786,0.124860215,317
-0.157030611,0.073506597,317
-1.427418886,1.761008318,317
1.292067938,-0.565992613,317
0.603312664,-0.994825134,317
0.891108602,0.291655868,317
-0.644179385,1.003065453,317
-0.1105579,0.071272059,317
1.389513721,-0.723456565,317
-0.169693942,2.043134642,317
-0.524239904,-0.01124823,317
0.067856448,0.890572195,317
-0.419671306,-0.192220899,317
-0.245994765,0.28861498,317
0.196169837,-0.826150456,317
-0.401018658,-1.238301204,317
-0.079985648,-0.23448283,317
0.20368821,-0.918839311,317
-0.748437948,1.681134045,317
-0.074855381,-1.017486456,317
-0.198386518,0.684590678,317
0.241635333,0.250340169,317
-0.763204909,-1.71190329,317
-0.843602285,0.766032625,318
-1.490112311,1.920702043,318
0.905477061,-1.400540746,318
-0.245496482,-1.133677036,318
-0.011295468,-0.095876587,318
-0.450564952,1.069618544,318
0.426116321,-1.070696711,318
-0.629571068,0.045984725,318
0.365737264,0.238942877,318
0.247683936,-0.37859281,318
0.317171368,-0.228821034,318
-0.837879378,0.64785387,318
0.261508167,0.373973965,318
0.066552319,0.625453004,318
-0.715032501,1.335232155,318
1.36123568,-1.632198133,318
0.787467559,-0.34728107,318
-0.558103498,-0.127556521,318
-0.252986978,0.656938869,318
1.29437682,-1.438287686,318
-1.299719483,0.540394664,318
-0.916904775,1.046790827,318
0.460574386,-0.435173392,318
-0.911831174,0.970884565,318
1.900413936,-2.100980262,318
-1.882080583,1.165045375,318
0.719515636,-0.580849459,318
-0.40635638,0.988072442,318
0.977480054,-1.936551939,318
0.894504008,-0.992263128,318
2.468905267,-2.338347662,318
2.695489432,-1.944413547,318
-0.12220319,1.270926061,318
0.676518995,-0.615702315,318
1.453905609,-1.210889601,318
-0.365328654,0.33981308,318
0.362666675,-0.494428318,318
-0.049637237,0.516946277,318
-1.077439407,1.94002139,318
1.969538811,-0.962420232,318
1.11306066,-1.151758334,318
-0.692574057,0.355768222,318
0.678984607,-0.222486292,318
-0.161354919,-0.598976339,318
-0.747004881,1.25874181,318
0.454462936,-0.37239053,318
0.653988828,-0.186464628,318
-0.636065939,-0.053191575,318
-0.014930149,0.080424036,318
0.164853445,-0.146138806,318
2.167944217,-0.019192882,319
1.986917373,1.078468781,319
1.413413594,-0.287147004,319
-0.348013308,-3.154214322,319
2.322094019,1.153656045,319
0.607066646,-0.94308954,319
2.04109093,0.580294257,319
1.888477393,0.13456318,319
1.642059344,-0.407905084,319
1.58710516,-1.078492933,319
1.534158404,-0.453514793,319
1.004354694,-0.750257733,319
0.20967635,-1.276218388,319
1.173013385,-0.117032151,319
1.766157821,0.103369678,319
2.188955331,0.159355654,319
1.698708759,0.564903177,319
1.161252758,-0.22798801,319
3.224948205,1.802126921,319
2.500809613,1.309078531,319
2.11049272,0.728705347,319
0.834148846,-1.312960102,319
1.432046148,1.106886498,319
0.691524103,-0.237288691,319
-0.08245028,-1.939462557,319
0.944404951,-1.443092111,319
1.565178852,-0.717008524,319
0.28859902,-0.794783207,319
0.888567182,-0.35305641,319
-0.58876559,-1.515368033,319
1.14555532,-0.242650852,319
2.921351117,1.148984451,319
1.446383438,-1.194290003,319
2.048449097,0.662646591,319
1.605397472,1.049816195,319
3.156519681,2.328164355,319
1.45228991,0.772535236,319
-0.535933784,-2.085087658,319
-0.595734755,-2.87248785,319
0.976334664,-0.487385458,319
2.040980194,0.345537844,319
0.841684135,0.500941177,319
1.814447758,0.609144719,319
1.92072909,0.206079011,319
1.075335169,-1.20309104,319
1.179186442,0.399072634,319
4.67217419,2.876601718,319
2.442496995,1.36552352,319
0.832939074,-1.083636314,319
1.352464731,0.594043922,319
0.335352042,1.003404707,320
1.493777644,2.328082683,320
-0.829547917,-1.760254906,320
-0.388699427,-1.664270156,320
0.070817227,0.046249566,320
0.717700249,0.968727783,320
0.236546941,-0.579556517,320
1.046571707,1.90777919,320
-1.045936625,-0.163487796,320
-0.231268055,-0.589376281,320
-1.172751958,-0.78038071,320
0.03112138,-0.56052695,320
-0.796310736,0.039912365,320
0.200939717,1.269162586,320
-1.301233328,-1.644841642,320
-0.199394226,-1.366566297,320
-0.352194105,0.796077289,320
-0.29907615,1.302649634,320
-1.00640467,1.727510428,320
-0.39932454,-1.492821922,320
-0.718950444,1.164440607,320
-1.804350367,-0.736679781,320
-1.700232662,-2.789542747,320
-0.961263695,0.046147504,320
-0.258874437,-0.574042526,320
0.478124858,2.28013155,320
0.583911044,0.294229263,320
-0.034599149,0.577161169,320
-1.084399767,-0.196149773,320
0.177842747,-0.1408806,320
-0.643338734,-1.205544357,320
0.280159044,-0.365871543,320
-0.442821866,-2.071904168,320
-1.621801697,-1.616996905,320
-0.778545583,0.076473155,320
-0.384625658,-0.156172937,320
0.278578933,1.78855402,320
0.791903694,1.62071352,320
-0.784592741,-1.455249461,320
-0.157344266,0.724360484,320
-1.03262737,0.052750413,320
-0.858509937,0.089098925,320
-1.042927135,-0.232370684,320
0.965902535,1.854134799,320
-0.225108583,0.147246485,320
-1.146800262,-0.481673197,320
0.407250449,0.647781212,320
0.891285648,1.076946217,320
0.264203134,-0.269746739,320
0.718413012,1.902992243,320
-0.71530183,-0.980532989,321
0.294930728,-0.175715897,321
-0.408644574,0.45897655,321
0.663151673,-0.35789177,321
-0.92350365,-0.513937018,321
0.252118362,-0.529154354,321
-0.6933872,1.527799723,321
-0.755230334,-1.469537664,321
-0.148852732,0.680063761,321
-0.611082488,0.494218997,321
0.264285598,-0.494424968,321
0.24943773,-0.491264295,321
-0.610873289,1.110602175,321
-0.034316715,-0.54318962,321
-1.008571564,-0.309510732,321
-0.721708865,-0.603999904,321
-0.160507595,0.041209591,321
-0.531147153,0.410256472,321
-0.251450228,1.81835429,321
-0.248987645,0.471892488,321
0.07700484,-0.36184621,321
-0.15608008,-0.121611693,321
-1.205649592,1.869070651,321
-2.070933431,-0.267173736,321
-0.773075527,-0.598716322,321
-1.201753603,0.365988651,321
-0.827889883,0.643692503,321
-0.553144188,-0.887228143,321
-1.129651153,0.35482076,321
-0.388409825,0.166321856,321
-0.442134743,-0.678484291,321
-1.622443247,0.944634223,321
-0.129121903,-1.091171879,321
-0.683041601,0.141755133,321
-1.373131518,-0.12000616,321
0.280007471,-0.318818044,321
-1.125609059,1.361238705,321
-0.797987046,1.651750509,321
-0.130880124,-0.361889088,321
0.080352925,0.320631358,321
0.295182905,-0.899787432,321
-0.353651702,1.000462026,321
-1.159683684,1.037390401,321
-0.237758708,1.570484597,321
-0.324144595,1.039056027,321
-0.62609354,-0.12950916,321
-0.597222853,-0.59627305,321
-0.059452343,-0.638948033,321
-0.496968023,-0.157009196,321
-0.437096858,0.292199927,321
1.11802468,0.861778564,322
0.246287258,-0.87850378,322
0.74719197,-0.894002958,322
1.412892424,-0.924011282,322
1.191277093,0.067796345,322
1.380111466,0.150865028,322
0.846870737,-1.297056726,322
0.897515865,1.374958079,322
0.979925112,0.461094153,322
2.185936971,1.680345177,322
1.476689904,-0.416220676,322
1.986699724,-0.209783672,322
0.66727122,-0.856219771,322
0.330054384,0.797412671,322
1.335335385,0.509052874,322
1.068611157,0.382794649,322
1.50831851,1.064530323,322
0.155244785,-0.948758137,322
0.533570992,1.664007417,322
1.225221564,-0.954468833,322
0.760575777,-1.067447385,322
1.368527988,-2.235267046,322
1.89876779,0.761880113,322
1.128749618,1.571121872,322
1.71936579,-0.703145128,322
1.245005346,-0.239650372,322
0.482162434,1.583006503,322
2.003765238,-0.710275988,322
1.276293998,-0.615691436,322
1.458563173,-0.615039304,322
1.351914587,0.536654575,322
1.080197461,1.235390397,322
1.509861071,0.681669023,322
0.718591755,-0.82831417,322
1.247629136,0.589127651,322
0.433866719,-1.569769742,322
1.178310182,0.140049588,322
1.408017931,0.371354709,322
0.997998899,1.939113606,322
1.621925388,-1.078835206,322
2.222146122,0.196547822,322
0.273208706,-0.28992036,322
1.559865722,1.551881874,322
2.062858801,2.536062485,322
1.609261923,0.110672036,322
1.84862895,0.323521533,322
0.823942021,0.118795308,322
0.770391428,0.078328732,322
1.439592915,-1.393667586,322
-0.072832632,0.084334128,322
-0.922212292,-1.870119977,323
0.040263911,-0.01118194,323
-0.083378569,-0.371247052,323
2.32675249,0.684931724,323
0.678417968,-0.22374378,323
0.14057039,-0.234793621,323
0.621625533,0.297167518,323
0.855581872,0.191919121,323
0.002338153,-0.755566993,323
0.462344635,-0.62970412,323
0.717424583,0.877918296,323
0.966014736,0.266289173,323
0.465649817,-0.069972661,323
0.306834564,-1.354935015,323
1.047100458,0.111752888,323
1.128296042,0.590139074,323
1.66595544,0.642603096,323
-1.212275826,-2.62661482,323
-1.783789833,-1.27800268,323
2.908065659,1.328598164,323
0.414490042,0.045293535,323
0.147548789,0.695833464,323
1.065769617,0.486960951,323
1.200621371,0.258491763,323
0.915502191,0.374298587,323
0.114068879,-0.66401162,323
0.833083778,0.573133536,323
2.149071137,1.839099283,323
-0.244699066,-0.808677191,323
0.353995753,0.170832077,323
-0.249227118,-0.479377824,323
1.695476661,1.709454082,323
-0.285482639,-1.048592618,323
-0.004927042,0.797330078,323
1.954334857,1.037946702,323
-0.732335027,-1.228839858,323
-0.097820796,0.062684699,323
-0.430529317,-0.568437447,323
2.163884609,1.306254654,323
1.207805436,1.029281473,323
-0.907519066,-0.860502066,323
-0.090211701,-0.443718429,323
0.49565619,-0.496831152,323
1.681486368,0.444850466,323
0.694174236,-0.018861978,323
0.052991212,-0.691011104,323
-1.843953628,-1.991681197,323
-0.745324133,-1.337311481,323
0.17651055,-0.015899138,323
-0.785015485,-0.608877207,323
0.710986411,-0.600174517,324
-1.267870594,1.142720806,324
-2.116909425,2.323114458,324
-0.943310886,1.081136621,324
-1.406494522,0.470627753,324
-0.59996342,-0.397927183,324
-0.867297144,-0.045795697,324
0.39119008,-1.070405357,324
-0.957674212,0.482104934,324
-1.29665031,0.8013841,324
0.501992327,-0.976778552,324
-0.131788066,0.620506459,324
-0.356132264,-0.168806036,324
1.12167915,-1.111894915,324
-2.352394754,1.01129158,324
-0.262595666,-1.186930548,324
-0.629194723,1.15219457,324
0.149582631,0.733982919,324
-0.290123727,0.205326775,324
0.343818214,0.282868052,324
0.362674839,-1.31638922,324
0.295145017,-0.197991585,324
0.890581851,-1.430862263,324
-1.169881135,0.780817223,324
0.296934406,-0.035937339,324
0.063987776,-0.641414425,324
-0.028384218,-0.406097024,324
0.193818562,-0.329233203,324
0.991372718,-1.434216503,324
-0.275316223,-0.249723242,324
-0.288083191,-0.81470646,324
-0.815564363,0.207748694,324
0.732397748,-0.350520541,324
-0.962816005,1.406980796,324
0.482800922,-1.057947636,324
-0.107658746,-0.114439798,324
-0.867082408,0.63734175,324
0.030341867,-1.029104094,324
-1.854666752,1.791845236,324
-0.348586477,0.477962912,324
-1.577647513,0.8512138,324
-1.591692544,0.41324146,324
0.044278846,-0.551698492,324
-0.944425429,0.833817353,324
0.062640572,-0.46998606,324
0.737608312,-0.763465806,324
-0.557127665,0.065874043,324
-0.618312192,0.736653386,324
-0.682054028,-0.791731289,324
-0.713396898,0.237252838,324
-0.16727508,-1.198740862,325
0.99506579,2.135286353,325
-0.127041442,0.475139495,325
0.524416492,1.006168687,325
-0.006598093,0.315901133,325
0.232133579,-0.369497198,325
-0.457445285,-0.279810036,325
0.527455844,1.189728975,325
0.771589812,0.611929369,325
0.074148342,-0.562384788,325
0.174680712,0.592177112,325
0.379149896,1.506724963,325
0.008469816,-1.012263039,325
-0.222551734,0.116936752,325
-0.017257896,1.623000837,325
0.774932189,0.52188408,325
0.059426873,0.210758747,325
0.336692975,-1.034873484,325
0.649728196,2.304480852,325
0.157181167,0.82341665,325
1.197170521,2.532938325,325
0.253154775,-1.146936006,325
-0.184340785,0.198941315,325
-0.015489649,0.862283299,325
0.293688141,0.780801694,325
0.593626591,-0.464189043,325
0.515144911,0.39474954,325
0.254747649,1.952510872,325
0.959557194,1.789319775,325
-0.668861092,-0.312439938,325
0.357481076,1.015568632,325
0.044390648,0.405971742,325
-0.31912211,-0.962753323,325
-0.449626179,-1.209389078,325
0.316564628,0.645565724,325
-0.193615645,-1.254697845,325
-0.118418182,-0.700013299,325
-0.477326037,-1.740132632,325
-0.135973995,1.138444906,325
0.36697561,0.51780556,325
-0.891561263,-0.333599082,325
0.038372656,0.421610494,325
0.75152445,1.474951594,325
0.875981822,-1.263007483,325
-0.645138481,-1.818100273,325
0.225986595,-0.936445928,325
-0.120189724,0.252154861,325
0.46110146,-0.614636235,325
-0.199121788,0.018712731,325
0.241305925,0.707319595,325
0.639715145,-0.354666028,326
1.646692902,-1.238734331,326
1.059636167,0.295457572,326
1.625156392,0.248188393,326
1.51894397,-0.50168019,326
0.186187192,0.923595712,326
0.468620137,0.480679008,326
0.490701487,0.136863302,326
1.627492722,-1.156446189,326
0.711620576,0.650658339,326
0.011255831,0.506062624,326
0.599386868,0.201371894,326
1.726041256,0.459057845,326
1.155581244,0.744647834,326
0.751420232,0.953157614,326
0.380766537,0.135418213,326
1.15794509,0.533969881,326
0.624660397,0.973898079,326
0.623721747,0.412716914,326
0.692800283,0.054569114,326
0.159796714,-0.268711956,326
0.575559062,-0.806043894,326
1.160795701,-1.132238727,326
0.314263006,0.274974864,326
0.024354503,0.087673276,326
1.288731112,-0.187953556,326
0.56897297,0.349824379,326
2.098599933,-1.396057499,326
0.279093766,2.647560682,326
0.512102602,0.830109508,326
1.327903252,-0.532211736,326
0.933398916,0.232992026,326
1.347703302,-2.198549569,326
1.194482821,0.878476088,326
2.217175836,-0.764351749,326
-0.098006092,0.319489386,326
1.533363837,-0.597307853,326
1.167411546,-0.727724219,326
1.596347664,0.229519166,326
1.747343548,-0.676345186,326
1.262803929,-1.211606794,326
1.714409503,-0.327204815,326
0.436309111,1.046944418,326
0.299025784,0.364952433,326
1.736813684,-0.32773541,326
0.338123408,0.40918559,326
1.034270489,-0.260713258,326
0.663955471,0.393358358,326
0.917437809,1.095901746,326
0.915015313,0.436006462,326
1.171876967,-1.218057805,327
0.677263788,0.779954478,327
0.292788061,1.571583021,327
-0.086400925,-1.009270198,327
1.254166732,1.470492733,327
0.369011053,-0.455885909,327
1.415664249,-0.820663547,327
1.252393805,0.093690202,327
-0.9630756,0.128628449,327
0.697365316,-0.963217001,327
0.387219967,1.056001474,327
-0.063350119,-0.017651533,327
0.821299746,-0.544862069,327
0.944244993,0.474117346,327
1.350263362,0.187348318,327
0.754655378,-1.684955362,327
-1.253418968,0.339010045,327
1.661300083,-0.819536779,327
-0.326011103,1.308177758,327
1.058916929,-0.074125349,327
0.575747576,-0.049986475,327
0.892781008,-0.57693682,327
0.649253841,0.792296419,327
-0.598626766,0.671262974,327
-0.015972748,1.502527307,327
0.40525056,0.437030775,327
0.646572599,-0.51931042,327
-0.534493866,1.56915314,327
0.862149481,-0.924788772,327
0.354013018,2.384251417,327
0.36231501,1.18445419,327
-0.459511469,0.654922096,327
-0.037241454,0.311017318,327
1.025407919,-2.154239317,327
0.744342274,-1.088040025,327
0.664481498,-0.529484337,327
1.0803598,-0.95004469,327
1.041822657,0.452294678,327
0.81538725,1.411842324,327
-0.025933611,-0.492673345,327
0.653775572,-1.089545207,327
0.246035088,0.640802616,327
0.124333443,0.342513864,327
0.225470295,-0.637040193,327
1.077377654,-0.613014461,327
0.912383798,-0.215753616,327
0.446837476,0.429720318,327
0.609985213,-0.915969528,327
0.161089851,-1.062799314,327
1.237773984,0.567808495,327
-0.152860603,0.19543217,328
0.261258685,-0.450871358,328
-0.236056411,1.084623652,328
0.684839513,-0.728455218,328
-0.311111747,-1.17683135,328
0.242538865,-0.928902765,328
0.456329288,0.253648631,328
0.81390881,-0.089864763,328
0.641690284,0.683431838,328
-0.353477737,1.125246661,328
1.092726549,1.361405341,328
0.294725561,-1.386905112,328
0.680258755,0.332818547,328
0.251045597,-1.125681846,328
0.936551014,-2.400290694,328
0.529006418,0.552961303,328
0.564936132,1.301230357,328
-0.76209605,0.123698544,328
-0.044803215,0.382235339,328
1.021797098,0.430593083,328
0.285657343,0.390865633,328
0.256235848,-0.094511042,328
1.308055364,0.815951706,328
0.548755952,1.469646151,328
1.361282352,-0.070934129,328
0.441891708,-0.099335871,328
-0.419090433,-0.172489452,328
0.247279237,-0.167167647,328
0.763177658,0.229733709,328
1.132937116,-0.542883713,328
1.624572853,0.810215906,328
-0.065863386,-0.370370703,328
-1.098974256,-0.449715062,328
0.559297998,-0.161528824,328
-0.194654837,-0.074610384,328
0.326452423,-0.874995579,328
0.527596221,0.41926316,328
0.945546386,0.002140422,328
-0.480341205,0.938879107,328
0.562812848,-0.524774685,328
0.0705649,-0.557940845,328
-0.743356472,1.419517274,328
1.443579093,0.096012711,328
0.166557239,0.48466203,328
-0.237269352,-1.790481253,328
0.080512232,-0.420098625,328
0.837226854,0.078569216,328
0.189876038,-1.424186211,328
0.761413903,-1.358467963,328
0.247709195,-0.406922993,328
-0.238265036,-1.095459658,329
1.375741944,0.781329471,329
0.644742069,2.031188014,329
0.375930238,1.13757347,329
1.162820984,1.132602218,329
0.92736955,1.040273502,329
0.609872697,-1.167093367,329
0.361436012,-0.713331412,329
0.2748067,0.294033109,329
-0.264698376,-1.697650439,329
0.179072571,-0.557112208,329
0.068336741,0.472986008,329
-0.164869161,-0.944408523,329
-0.328426133,-0.471886488,329
-0.358441682,-0.046434462,329
-0.015110374,-0.094989385,329
-0.646593707,-1.55207194,329
0.025618791,-1.727059189,329
0.15886063,0.029270296,329
0.46400223,-1.195787011,329
0.19260528,-1.249358212,329
-0.109510371,0.947467792,329
0.801431721,1.87877074,329
0.401701707,-2.077188622,329
-0.345635698,0.230490175,329
-0.043362893,-0.101523443,329
0.653134082,-0.319293003,329
-0.358450161,0.259507726,329
-0.165200533,0.342761279,329
-0.518186196,-1.673436738,329
0.998203537,0.540130689,329
0.217832624,-1.063376414,329
0.286873962,-0.635174426,329
0.145379436,-0.339798693,329
0.919173313,1.179939516,329
-0.263965964,0.724950387,329
-1.129650858,0.080651233,329
0.117073382,0.490353529,329
0.109683341,-0.509643638,329
0.916798606,0.988102907,329
0.431701786,0.442085989,329
-0.207125657,0.715068551,329
-0.600883673,-0.227099216,329
0.729247075,0.969588743,329
-0.490022559,0.663514519,329
0.425838934,0.545040963,329
1.748740813,0.078586729,329
0.121761279,0.480084214,329
-1.295560625,-2.702931478,329
0.052237289,0.575437251,329
0.146071634,-0.385092999,330
0.442860531,-0.488645424,330
-0.978899332,1.592410315,330
-0.386996502,0.106595679,330
-1.012245613,0.256736657,330
-0.960344786,-0.692146806,330
-2.176633409,1.225895107,330
-2.616753076,1.598177482,330
-0.457307392,1.033890482,330
0.269787154,-1.516063792,330
-0.896240451,-0.459900737,330
-0.609296063,0.371279489,330
-1.545443749,0.441546206,330
-0.965873757,0.020895163,330
0.052915929,-0.624583596,330
-0.133597463,-1.660942637,330
-1.646475715,1.044456067,330
-0.865313616,0.95922708,330
-0.294793624,-0.929581952,330
-0.894250533,-0.364874484,330
-0.63562794,-0.069837125,330
-1.689565793,1.144633993,330
-0.531567877,-0.977656312,330
-2.105743287,-0.254684429,330
-1.031471709,-0.38140169,330
-0.33634676,0.270352947,330
-1.903308734,1.555023407,330
-0.408699253,0.66937204,330
-1.473352336,-0.946251084,330
-1.753573296,-1.23867345,330
-0.87523577,-0.807138913,330
-1.649545285,1.484151195,330
-0.612901713,-0.555642784,330
-0.373115364,-0.779084026,330
-0.22559773,-0.439435972,330
-1.457747241,0.203643111,330
-1.4469951,0.478831484,330
-0.818016525,-0.485603375,330
-1.269878502,0.344543963,330
-1.084025265,0.687859846,330
-1.717272476,-0.763217083,330
-0.426786807,-1.695857321,330
-0.283147918,-0.893173705,330
-0.72802206,1.150821299,330
-1.111835209,0.462563257,330
-0.956504876,-0.016163238,330
1.056718092,-1.9603884,330
0.357256719,-0.388388474,330
-0.431307914,-1.159432935,330
-0.22551082,-1.22930591,330
-0.496219494,0.830242692,331
0.900284871,-0.329566713,331
0.988399276,0.163712731,331
-0.194188728,0.82149283,331
-0.787987111,1.160218464,331
0.457975481,0.355365414,331
-0.090552896,-0.842603855,331
0.671828438,-0.794214779,331
-1.121761349,1.128733826,331
0.105331179,0.249755188,331
0.789008697,-0.444499486,331
1.685789516,0.100544359,331
0.332068999,1.183526876,331
0.865079459,-0.416706529,331
0.479036059,0.952278228,331
1.047758582,-0.791739387,331
1.270249798,-0.345663927,331
0.525669446,0.337868042,331
0.83606771,0.199396421,331
1.083342241,0.125622464,331
-0.615485132,1.285978253,331
-0.657982835,1.169861742,331
1.621380994,-1.490857548,331
0.260518368,-0.302716628,331
1.360642255,0.160761728,331
1.024013769,0.168491876,331
-0.457502247,1.047992905,331
0.20746833,1.034648643,331
1.251437746,-0.093539282,331
0.266928233,0.200768454,331
-0.646106527,1.400392581,331
0.014666022,0.605665984,331
0.538504758,-0.16544542,331
-0.732408667,1.107184767,331
0.876708573,-0.716740802,331
-0.084762919,0.411992716,331
0.543215543,-0.255516613,331
1.053664197,-0.37903823,331
1.591660552,-1.722974922,331
1.368119578,-1.934605566,331
0.497747812,-0.285599242,331
0.364688246,-0.599387365,331
0.669298959,-0.81902203,331
-0.605855278,2.288743717,331
0.245906306,-0.655433441,331
1.171864902,0.361024934,331
1.292701365,-1.353088868,331
-0.160195536,0.727670156,331
0.951337885,-1.086623629,331
-0.205609584,0.716886835,331
1.152602684,-0.313629505,332
0.373045712,-0.82670532,332
-0.212250894,0.290516895,332
0.167069901,0.786008632,332
0.239898296,-0.203852264,332
0.093915896,0.179881478,332
0.184614255,-0.000778753,332
0.255003894,-0.282221017,332
0.113930287,-0.511563876,332
1.322362612,-1.751760792,332
-0.100352585,0.082082532,332
-0.222283972,1.154977265,332
0.184826032,-1.199429747,332
0.461354438,0.723476986,332
-0.108849977,-0.888060195,332
-0.713985833,2.321018029,332
0.936903175,-1.896730384,332
-0.440264332,1.222665829,332
0.740740038,-0.896393471,332
0.858731696,-0.762006563,332
0.20756025,0.139641179,332
0.160828788,-0.079488065,332
0.618227337,-1.682575808,332
-0.847097721,0.718746223,332
-0.530185035,-1.128753241,332
0.926687995,-0.273219007,332
-0.57262171,0.354497647,332
-1.071719287,2.817385857,332
-0.409768061,0.657832249,332
0.185760422,-0.506560429,332
-0.285700874,-0.308805438,332
1.245142292,-0.084857144,332
-0.300601523,0.003714525,332
1.073197065,-1.552868649,332
-0.620503226,0.555044962,332
1.027776532,-1.293842756,332
0.185731109,0.644042742,332
0.98310581,-1.533477888,332
-0.014148604,-0.139887558,332
-0.551024938,0.399083904,332
0.177137554,1.811565097,332
-0.544957921,0.110316412,332
1.331139828,-0.032404544,332
0.403768992,0.343056429,332
-1.220071411,0.202130435,332
-1.119044653,0.82657627,332
-0.193024581,0.24133823,332
0.045503446,0.076316298,332
-0.903805439,0.80816665,332
0.451150737,-1.263171969,332
0.18222766,0.172146249,333
0.081664672,0.447594049,333
0.08528418,0.885840376,333
0.349273543,-0.238160865,333
-0.015295865,1.499879178,333
0.614620106,0.69065099,333
0.594062903,0.244516164,333
0.21185853,-1.056630875,333
0.549182362,1.196311021,333
0.036123489,0.412784838,333
-0.683250477,-0.49111225,333
-0.392898308,0.809662349,333
0.825199058,-0.598955539,333
0.001055723,1.510648471,333
0.314599495,0.029745697,333
0.021457099,0.014437206,333
1.046902128,-1.534071193,333
0.322504432,-1.109134477,333
-0.40982537,-0.643945021,333
-0.313021748,2.067802685,333
0.581788797,0.842278573,333
1.016299253,0.541551888,333
0.512775942,-1.331958231,333
-0.038321966,-0.583929013,333
0.107698123,-2.094527765,333
1.003003937,1.99779502,333
0.843689584,-1.357461769,333
0.007417136,-0.366994117,333
0.716570218,0.310695268,333
1.07556256,-0.893974313,333
0.386843673,0.598949507,333
-0.237382036,0.26297072,333
0.431400599,-1.138281343,333
0.611647871,1.670647847,333
0.608718952,0.175413636,333
0.607300137,-0.236945599,333
0.470668383,-1.268172179,333
-0.578671631,-0.016883673,333
0.238175329,-0.881891585,333
-0.023858962,-1.250326018,333
0.693931008,1.114253141,333
0.628827099,0.544985117,333
0.484111999,1.448133165,333
0.486557917,0.638234201,333
0.926402401,0.193811773,333
0.018339819,0.986303759,333
0.3805474,-1.433474109,333
-0.569979519,-0.179233879,333
-0.229320381,0.189309261,333
-0.148708331,0.211278853,333
1.021324975,0.848390197,334
1.740506333,-1.915330376,334
1.732509532,0.439055076,334
1.555492764,1.436795499,334
1.564799037,-0.184028041,334
1.859761706,0.040724324,334
1.595103738,-0.842729943,334
0.688436849,1.363437688,334
1.746752672,-0.075520999,334
1.205145781,0.928935456,334
1.515003102,0.336773653,334
1.864426036,-0.712766733,334
0.59872271,-0.291472257,334
1.494327498,-1.132628129,334
2.574529693,-0.905819911,334
1.399257147,-1.064353267,334
1.024267192,-0.047654106,334
1.697198163,0.739020086,334
1.131588022,-1.018851585,334
1.718684059,-1.059941205,334
1.821283148,-0.750564234,334
1.442248815,-2.131143732,334
1.481669572,0.760410317,334
2.271268486,1.484410325,334
0.286002579,1.470537147,334
2.569086632,0.472238726,334
1.773161428,1.536889898,334
1.228004769,-1.361929559,334
1.203402492,-0.535315274,334
1.084971822,0.485613267,334
1.052741966,-1.045323294,334
1.341474171,-0.194701733,334
1.138209122,-0.635045713,334
1.49361565,-0.227141925,334
1.972395272,0.661650288,334
0.616417801,-1.456523861,334
1.39726021,0.547465261,334
1.745218208,-2.788619088,334
1.883301251,-1.190785475,334
1.500168614,-0.172246938,334
1.769482715,0.110993756,334
2.021418558,-0.186100268,334
1.786920748,1.730740181,334
1.881195493,-0.392432358,334
1.844825685,-0.1945903,334
0.973188055,0.074535033,334
0.800146619,-0.578029044,334
0.960531581,2.391145598,334
2.587709324,0.093575737,334
1.309132176,-1.42287594,334
0.003683264,-1.06518413,335
-0.127824419,-0.822415877,335
0.861907354,0.093427628,335
0.565629993,-0.546544188,335
-0.68290628,-0.49701157,335
-0.316783969,0.204288303,335
-0.125002133,0.090803583,335
0.894798406,0.928232907,335
-0.202977995,1.286783169,335
-0.332886525,1.655337824,335
0.733642829,0.059039317,335
-0.380758558,-0.232558241,335
1.564718955,-0.986755127,335
-0.628162918,-1.192473632,335
-0.352308011,-1.40765572,335
0.641742642,-0.427417697,335
0.493613834,-0.733774035,335
0.227076996,-0.990123604,335
0.98558408,-0.348489261,335
0.495630606,-1.229877575,335
-0.510796696,-0.36905566,335
-0.294262469,1.481612969,335
0.55296811,-2.501996766,335
0.06936389,0.159262829,335
0.7370146,-0.583579107,335
0.303175111,-1.652908045,335
-0.305656976,-0.26577202,335
-0.145869321,-0.362254319,335
0.373438535,-0.000805934,335
-0.518824152,0.403557866,335
0.246397814,1.396848288,335
-0.680915164,1.040337514,335
0.467083673,-0.405757524,335
-0.176862499,0.468553588,335
-0.834178536,-0.611253855,335
-0.982977347,-0.24622591,335
-0.253338214,1.375421311,335
-0.132719347,0.496588338,335
-0.266989984,0.005362955,335
0.253293483,1.02180551,335
0.969547438,-1.132896559,335
-1.159250704,-0.06308965,335
1.204120834,0.495339657,335
0.446013752,0.685491894,335
-0.148560965,-1.364558291,335
0.531831412,1.007158503,335
-0.105152544,0.430232805,335
-0.458525856,-0.543536718,335
0.106803427,0.45135327,335
-0.284835695,0.390268259,335
-0.284181637,-1.029133368,336
-0.231942495,-0.553210043,336
-0.297108611,-0.059346157,336
-0.576728723,1.32509925,336
-0.358582538,-1.03687825,336
-2.294529182,1.515065097,336
0.657282439,-1.143587334,336
0.870365715,-2.09286206,336
-0.83012219,-0.987340148,336
-0.964012168,0.568731319,336
-0.339942479,0.610557611,336
-0.481311737,-2.147255529,336
-2.298417048,2.372727992,336
0.424726131,-3.055475587,336
-0.662210733,0.081798602,336
-0.897714427,-0.163504462,336
0.162359928,0.174000826,336
0.235955233,0.082317343,336
-1.042903504,1.355192325,336
-1.293934848,-0.720707275,336
-2.183560774,2.729858283,336
0.201696526,-1.141514046,336
-0.840012123,-1.113094799,336
-0.422306459,-0.519993515,336
-0.546356825,0.339582921,336
0.708485684,-1.865560897,336
-0.767057456,0.507309044,336
-0.243677022,-0.785117606,336
-0.211433522,-1.753887483,336
1.106335345,-1.635820111,336
0.466255948,-0.591536546,336
-0.395349853,0.315904347,336
-0.485271267,-0.527003451,336
-0.154620961,-0.304449614,336
-0.473608708,2.033416013,336
-0.383307026,-0.131150709,336
0.440862278,-1.023916336,336
-0.642874926,0.565396197,336
0.177920425,-1.033000325,336
-0.292088711,-1.322475286,336
-1.122587276,0.937107783,336
-1.346979155,1.578993312,336
-0.145420013,2.076416807,336
0.580033078,-1.100838684,336
0.00693327,-0.852958749,336
0.488808665,-1.884723388,336
-0.361210086,0.348374486,336
0.623741387,-0.29680075,336
0.014080839,-0.04629827,336
-1.010204009,-0.27705923,336
0.156633557,1.422821358,337
-0.115059489,0.056555638,337
1.077829445,0.314756728,337
1.448229692,-0.820084568,337
-0.756088498,2.158406314,337
1.057456631,-0.207011794,337
0.86739712,0.195667713,337
0.77608517,-1.055953312,337
0.15395439,0.04199348,337
0.051706712,-0.485059584,337
1.755815763,-1.486095652,337
-0.003455008,0.278570909,337
1.590917168,-1.827881523,337
0.710901376,-0.415880175,337
-0.645524367,1.223290807,337
0.298919845,0.410994093,337
1.304522838,0.278564398,337
0.739808829,-0.037853381,337
1.623242802,-1.106742536,337
0.319301074,1.507984843,337
1.379823654,-0.120197413,337
0.793171354,0.840134687,337
2.394165921,-2.590323827,337
1.883065436,-1.57302041,337
0.763678499,0.135890774,337
-0.465533392,1.198442066,337
0.898770156,-1.247956085,337
-1.045064772,0.319449616,337
0.633909697,-0.490450526,337
0.952518748,0.834205967,337
1.412257484,-1.518118053,337
0.671305586,-0.855219021,337
0.519926487,0.188350573,337
0.547220765,0.648669743,337
0.587717728,-0.37850503,337
0.503424431,-0.207746856,337
0.670192508,0.070548194,337
0.756949292,0.043273698,337
1.375628589,-0.814322766,337
0.886245802,-0.860111709,337
1.211330317,-0.441010501,337
1.778722058,-1.897024559,337
2.452934633,-2.205279112,337
1.672941051,-0.899097832,337
-0.008835699,1.303566432,337
0.869602383,1.488232056,337
1.470881456,1.457068726,337
1.975972483,-0.688449285,337
-0.12870858,1.406863471,337
-0.031937302,0.321223996,337
-2.299103966,-0.671955953,338
-2.583453095,2.207479061,338
-1.487431,-0.055015718,338
-0.941718863,-1.07812843,338
-1.94233537,0.726029396,338
-1.221926406,0.438470553,338
-3.004520657,0.422742885,338
-1.431568779,0.098082035,338
-0.911106081,-0.315091915,338
-0.257261547,0.025026091,338
-1.028216417,-0.583226583,338
-0.888684753,-0.267332734,338
-0.534180297,0.245457321,338
-0.422642364,0.848771258,338
-1.326099605,-0.022015862,338
-1.325411644,-1.005204016,338
-1.398700259,-0.197494912,338
-1.551585783,-1.339779394,338
-0.994606103,-2.112892161,338
-1.026218969,0.718538847,338
-0.503831017,0.676734074,338
-0.736581238,-0.930775185,338
-1.879627861,-0.718039817,338
-1.534620946,1.486785568,338
-0.584603516,0.643818747,338
-0.628505371,-0.782881016,338
-1.641590938,-1.103485396,338
-1.58773606,-0.771190442,338
-0.225036479,0.588883108,338
-1.303115619,-2.139667194,338
-1.263735601,-1.246278812,338
-0.623957911,1.424978758,338
-1.017971795,-0.295418347,338
-0.182441212,-1.003740646,338
-1.328597824,-0.532961728,338
-0.932563035,0.66501511,338
-0.704363624,-1.531178899,338
-1.59619776,-0.162791121,338
-1.039587059,-0.139043914,338
-0.991656575,-0.835643699,338
-1.50059512,0.646540354,338
-1.609232563,0.806854965,338
-1.507230676,0.227004644,338
-1.434715247,1.077068716,338
-1.959761363,0.103222389,338
-0.906874624,-0.899174335,338
-1.708594215,-0.481089015,338
-0.440579316,-0.482581952,338
-1.192951561,1.395901429,338
-1.302416493,-0.535441906,338
1.499043308,-1.255539412,339
1.799498971,-1.152404031,339
0.078537095,0.958032303,339
1.540133011,-1.131557768,339
0.419687535,1.021223279,339
0.786556768,0.413107486,339
0.67207718,-0.743249908,339
-0.305001593,1.510701176,339
1.131133226,-1.27601027,339
1.340699322,-0.852146077,339
0.82757605,0.672446985,339
-0.290762479,0.492552523,339
0.430373622,0.674824255,339
0.364206345,-0.191945384,339
1.261646559,0.053713495,339
1.103764181,0.923332597,339
-0.571738579,0.932157632,339
1.773319052,-1.160887015,339
1.059340118,-0.586935321,339
1.111789395,-0.307943286,339
2.08162775,-1.043833278,339
1.085303998,-1.047988666,339
0.266252005,0.199163438,339
-0.336530086,1.924750126,339
0.589593581,0.199826507,339
2.002889048,-1.271054439,339
1.656531006,-0.840530635,339
0.679119128,0.961285766,339
0.747771548,-0.872528826,339
1.422699094,-0.729515671,339
0.940405486,-0.720603458,339
0.204010328,0.238016215,339
1.068472497,0.171430985,339
0.587675828,0.682014851,339
0.779682347,0.314780108,339
1.260566612,0.248470482,339
1.137798992,-0.083198649,339
-0.887492723,1.608975061,339
1.504021702,-1.478201572,339
0.908999204,-0.557754843,339
0.299938913,0.893288064,339
1.162199618,-0.962739609,339
1.47941587,0.823712022,339
1.301980401,-1.11156964,339
0.806195135,0.878358198,339
2.059671429,-1.131904353,339
1.979229462,-1.657943358,339
0.680927974,-1.191475786,339
2.049623346,-1.125647153,339
0.546257596,0.85826549,339
0.223841795,-0.613319615,340
-2.852158582,2.517118124,340
-0.352465701,0.835747391,340
-2.228681963,1.821606871,340
-2.160253648,1.116119382,340
-1.334059367,-0.564337307,340
-1.131396019,-0.387519971,340
-0.395199058,0.130692675,340
-1.501839139,0.225019178,340
-1.787806112,0.157726037,340
-1.716584313,0.471830183,340
-1.09928041,0.247716205,340
-2.229628217,0.401296716,340
-1.559024957,1.478710049,340
-0.580214658,-0.353861299,340
-2.204427709,1.467700555,340
-1.300882883,0.029252429,340
-0.729955349,0.071471855,340
0.174528461,-1.84668203,340
-1.675036655,-0.641644634,340
-1.153484437,0.330833054,340
-1.627443124,-0.287909088,340
-0.560230092,0.047507577,340
-1.886460415,0.241703973,340
-1.820099362,1.762806228,340
-1.735688471,0.975055745,340
-1.47080175,0.421178796,340
-0.946426244,-0.814685021,340
-1.114418415,0.446557192,340
0.441141409,-0.777366172,340
0.145500572,-0.73512432,340
-1.29515093,0.741877921,340
-1.355742376,1.079087163,340
0.123672853,-0.760528049,340
-0.993261878,-0.439016255,340
-0.065718781,-0.337668511,340
-1.0372733,0.217538939,340
-0.488656985,0.804431296,340
-0.478223914,0.441682501,340
-2.237084631,-0.038884936,340
-0.977483219,0.342981513,340
-1.070286869,-0.443057852,340
-0.422250434,-1.065844921,340
-1.377665881,1.348474795,340
-0.20322807,-1.304543982,340
-0.110417759,-0.215324729,340
-0.55796742,-1.144111634,340
-0.614887537,-0.685503102,340
0.405304518,-0.860195623,340
-0.404273565,-0.272850479,340
-0.374556512,-0.805928455,341
-1.029144744,-1.322368307,341
-0.542328407,1.328658939,341
-1.102854848,1.25342086,341
-0.32490921,0.129357057,341
-0.668753627,-0.282472642,341
-1.275894287,-0.565171413,341
0.195521325,0.505414674,341
-0.296284897,-1.338196625,341
-0.486482485,1.763054676,341
-1.001602867,-0.212349896,341
-1.051142671,0.083893953,341
-0.756025965,0.491856555,341
-0.842141939,-1.928819927,341
-0.607432232,-0.121778038,341
-1.586505291,-0.872949012,341
-0.878053146,0.096519233,341
-0.405287239,0.292719173,341
-0.222348925,-0.294746296,341
-1.249507016,0.796090962,341
-1.371756103,-0.032507853,341
-0.621793258,-2.260973715,341
-1.702365,-1.244959265,341
-1.120747095,-0.135122619,341
-0.880741516,1.767637056,341
-1.021540697,-0.987926061,341
-1.274140464,-1.50514408,341
-0.044804684,1.603070354,341
-0.682014501,-0.058146755,341
0.242358213,-0.834270941,341
-0.194263281,-1.25237551,341
-0.995137073,0.377037832,341
-1.06398741,-1.081213884,341
-0.816075724,-0.456455605,341
-0.644208596,-1.249960788,341
-1.266422968,0.217559755,341
-2.146203042,0.299693119,341
-1.555659532,1.030928038,341
-0.472976669,1.661606024,341
-0.593594588,0.930036641,341
-1.289135021,0.034679964,341
-0.956602045,-1.805540495,341
-0.747356178,-0.198109773,341
-1.246447436,1.520323849,341
-1.140959124,0.820796817,341
-1.607544266,0.435739562,341
0.286487274,-0.321621354,341
0.298197917,-0.546524804,341
-0.722411543,1.429190492,341
-0.595499334,0.10051717,341
0.361520401,-0.010032874,342
0.540850242,0.199818696,342
0.283074715,0.230212116,342
0.455397993,-0.260577223,342
0.588006128,-0.402854626,342
0.274248979,0.912226888,342
0.7583398,-2.449047411,342
0.344493244,-0.647817528,342
0.274903635,0.762561405,342
-0.403077197,-1.79957321,342
0.217326672,-0.778394205,342
0.069431039,-0.439360846,342
0.764171399,0.209598775,342
0.82765231,0.999148867,342
0.647918044,0.515817851,342
0.286725832,0.335886762,342
1.115538515,2.286526266,342
0.388151824,0.813193703,342
0.630792777,-0.080941731,342
1.102513107,-1.137814471,342
0.503553633,-0.828852244,342
-0.53262509,0.80831866,342
-0.029580997,0.993259794,342
0.77080168,-1.874962531,342
-0.452726203,-1.356608948,342
0.925330565,-0.143447187,342
0.129452428,0.938015291,342
-0.422879272,-0.006591414,342
0.589763013,1.155752103,342
-0.055341751,-1.30176011,342
0.493218828,0.787269771,342
0.237551958,0.71190278,342
0.402744887,0.377272315,342
-0.130204394,1.766772226,342
-0.306397529,0.738758295,342
0.186558427,0.85537577,342
1.311503216,-0.738445421,342
0.978014512,-0.688728896,342
-0.039721338,-1.169245581,342
0.893779267,-0.284174648,342
0.620655006,-0.127622071,342
0.446301376,-0.138568422,342
-0.300870855,0.675154501,342
0.100104574,-2.010296197,342
-1.257708589,1.211980564,342
0.390674984,0.079975332,342
-0.580858261,-0.240905835,342
0.039468197,-0.48105563,342
-0.470932749,-0.437038611,342
0.958402228,0.516437128,342
-0.85651096,-0.507803547,343
0.867877951,-1.1785165,343
0.244142951,-0.195330468,343
-1.671414442,0.379790619,343
-0.298293544,0.338710696,343
-2.321439334,2.285919163,343
0.164764265,-1.152386563,343
-0.902116641,0.322756594,343
-0.159737218,-0.952663929,343
0.105356723,-0.238541116,343
0.2412138,-0.964217951,343
-1.418128742,0.603436514,343
0.169629689,-0.894967433,343
0.435770447,-0.250941825,343
-1.743597037,0.619739805,343
0.534180112,-1.145383439,343
-1.589465875,0.1015187,343
0.312671956,-0.117513586,343
0.164198053,0.163846911,343
1.003157623,-0.888498951,343
-0.841654613,0.438666904,343
-0.593855011,1.075049117,343
0.976463763,-1.238405321,343
-1.166706744,0.484506496,343
1.063459133,-0.789844553,343
-0.298613679,1.055689868,343
-0.178493622,-0.433696128,343
-0.49755838,-0.556479864,343
-1.026387367,0.409133998,343
0.446402694,-0.503494213,343
0.001629449,-0.607489744,343
-0.717359048,0.867294646,343
-0.018197577,-0.320592002,343
0.582500128,0.093841897,343
0.067478138,-0.359793242,343
0.668655617,-1.264941095,343
-1.156511202,0.041686748,343
-0.286936719,-0.345400201,343
0.051206949,-0.449229077,343
-0.660706201,1.374619768,343
0.479854246,-0.251709912,343
-0.6503068,1.312617146,343
-0.203510507,0.701778052,343
-1.373666211,0.963506344,343
0.222540339,-0.304562884,343
-0.318979154,0.065806081,343
-0.718769219,0.071130866,343
-1.80259947,2.456064445,343
-0.289616634,-0.474746496,343
0.330605799,0.266825211,343
-0.837715508,-1.323423812,344
0.207385659,-0.035120131,344
0.063051313,1.822340377,344
-0.441389268,1.405411021,344
0.041598922,-0.466746407,344
-0.908717273,2.586411972,344
0.399400473,-1.846331551,344
-0.935863796,0.427901711,344
0.460446928,-1.046070869,344
-0.132761909,0.285771711,344
-0.250164987,1.030409051,344
-0.262985609,0.47147836,344
0.798439092,-1.646661428,344
-0.166035086,0.103634518,344
-0.755421378,0.016859641,344
-1.091139567,0.789413302,344
0.757981501,-3.945203413,344
0.666224436,0.2443149,344
-0.14556582,-0.720376793,344
0.280351402,0.494602406,344
-0.665690543,0.256955334,344
-0.064578409,-0.555377811,344
-0.228395422,0.602566607,344
0.197683298,-1.029997775,344
0.079213641,-0.073527766,344
-0.068586397,-2.18709952,344
0.409796493,-1.200121905,344
-1.747891197,0.563747546,344
-0.757276731,1.478307636,344
0.294237056,-0.243167326,344
-0.577830475,-0.149798332,344
0.659314987,-0.808559387,344
-0.045770847,1.218612888,344
-0.210427679,0.322099571,344
0.692991817,-0.62745246,344
-0.907017571,0.255721517,344
-0.020448526,0.440656794,344
1.03047423,0.212607395,344
-0.354610873,1.042475826,344
0.771706739,0.785073963,344
0.009474998,-0.425421254,344
0.83493964,-0.176359121,344
-0.548977441,1.777164487,344
-0.430116994,-0.352426894,344
0.141526103,0.666152328,344
-0.522507156,0.477207307,344
0.089807499,0.418660307,344
-0.630847551,2.922207142,344
0.120031026,-0.109095783,344
-0.543942487,0.596541384,344
-1.547748284,-0.948102455,345
-0.996634652,-0.842052366,345
-0.654090077,0.457444001,345
-0.84927057,-0.922417814,345
1.11513227,-1.991107709,345
-1.637200127,1.319860331,345
-1.504237844,-0.469718883,345
-0.9088034,0.902227554,345
-0.258345404,-0.797877138,345
-0.849484904,-2.805301912,345
-1.653668472,0.189361844,345
-2.83066861,0.312469812,345
-1.511084435,0.365108773,345
-1.418725007,0.436015792,345
-2.388427262,0.799129271,345
-0.943395669,1.247202406,345
-0.178416167,-0.515973703,345
-0.684393979,-0.290610364,345
-1.397099856,-0.055030583,345
-1.276604805,2.920867526,345
-1.678435231,-0.879415422,345
-0.909148676,0.037813988,345
0.362616181,-1.359689397,345
-1.386273656,0.29500385,345
-0.245286848,-1.018562761,345
-0.94512835,-0.722588828,345
-1.128980429,0.235200183,345
-0.783532213,0.71902331,345
-1.646922252,0.506224126,345
-0.87791081,-1.248123083,345
-0.715061897,-0.061704035,345
-1.03212835,-0.471078757,345
-1.358336152,1.760327293,345
0.278350358,-1.514057479,345
-1.358696488,-0.043400538,345
-0.76477009,-0.076505101,345
-0.114808769,-0.508884199,345
-0.90984295,1.748361915,345
-1.410599367,0.609008906,345
-1.62286695,0.340506989,345
-0.844547955,-0.214066376,345
-0.632256256,0.192024129,345
-0.892576093,-0.263653177,345
-1.465176866,0.791114222,345
0.015020378,-1.203356695,345
-0.788296302,0.769291736,345
-0.900638847,1.025863306,345
-0.355829484,-0.82811259,345
-1.123179428,0.016477986,345
-0.306479698,0.336178691,345
1.115336902,0.280486847,346
0.611818092,-0.99351801,346
0.861467694,1.819799812,346
0.15193551,-0.556398024,346
1.250179913,-0.378390343,346
1.358091151,0.748669927,346
-0.429728609,1.527145558,346
0.442840234,0.874034353,346
1.090756029,-0.877691185,346
2.64954811,0.026267954,346
0.391747381,-0.523685998,346
2.480150536,-2.142411017,346
1.549313435,0.242976404,346
0.458838756,0.917315199,346
1.413571917,-1.170150392,346
2.216871288,-0.484854071,346
2.042103298,-0.500140007,346
-0.224991362,0.205795629,346
0.610957077,0.045251936,346
0.977246629,-2.113616213,346
0.903722486,0.634616515,346
1.966446076,-0.569128911,346
0.55602895,0.189627165,346
2.866788179,-0.988976557,346
0.455710709,0.119993231,346
0.153384494,-0.071502167,346
1.652324086,-0.31924078,346
0.706993867,-1.167872806,346
2.300511261,-0.047723736,346
1.198644089,-1.087805729,346
0.541163407,0.65190505,346
-0.520459802,0.719176882,346
-0.739910117,0.795007173,346
1.134972799,-1.326197089,346
0.561329231,0.883975916,346
-0.116623508,1.331748301,346
0.998092004,-1.413633869,346
1.045488819,-0.02929361,346
-0.315015122,-0.293045121,346
0.829810647,0.16670532,346
1.086690178,0.159854444,346
0.6566734,0.417370362,346
0.236553149,1.274306944,346
0.828176811,-0.083875948,346
0.251434638,-0.571898398,346
1.029725336,-0.407874574,346
2.022132224,0.496725546,346
0.650623526,0.61088471,346
-0.385499418,0.564932711,346
0.799934067,-0.373370076,346
0.787392811,0.007732102,347
0.177476247,-1.004945195,347
-0.575855725,-2.124949691,347
0.872366868,2.194545289,347
0.090743476,-1.093166792,347
-0.015970108,-0.878962425,347
0.701052438,1.652352177,347
0.325032976,-0.142848986,347
1.191318262,-0.058105494,347
-0.191069861,-2.177071148,347
0.764945319,1.571492203,347
0.072425348,0.120348735,347
0.318731709,1.989613051,347
0.255087938,-1.790967463,347
0.918147562,0.624737161,347
-0.021916639,-0.902618518,347
0.593664261,1.516021235,347
-0.005645679,0.273771506,347
0.104568102,-0.03533993,347
0.056335651,-2.32629315,347
0.392159218,1.680609586,347
1.858920541,1.522738083,347
-0.336393124,-1.594270368,347
0.990562621,1.184655779,347
0.028857101,1.178276649,347
0.071581609,-0.050092576,347
0.691074387,2.436926176,347
1.28398787,1.812511205,347
0.479112931,1.201839034,347
0.225258334,-0.338010726,347
0.304368293,-0.312487915,347
0.575303068,-0.570451233,347
-0.908787834,-0.505674666,347
-0.355151309,-0.25655488,347
1.440014207,0.84570096,347
0.987121331,-0.150902947,347
0.678467752,1.695441619,347
0.328659549,0.083352821,347
0.137330311,0.110911528,347
0.251463754,1.909844061,347
1.158361651,1.261321619,347
0.277203898,0.78489564,347
0.224098011,-2.363277924,347
-0.424545246,0.449570691,347
0.267641668,-0.253674475,347
0.585520464,-0.146852702,347
1.079365971,1.705519743,347
0.508550454,0.853198716,347
0.300833308,0.175590866,347
0.558891579,0.447426687,347
0.24703796,-0.341488436,348
-0.53810581,-1.557712796,348
-0.475883876,-1.159014556,348
-0.140825183,-0.824720776,348
0.906770526,2.092910754,348
-0.295469079,-0.078197573,348
-0.345675617,0.245612547,348
0.218406061,-0.164314853,348
0.182432121,0.524875105,348
-0.587080396,0.313546155,348
-0.96574121,-0.748866807,348
1.022616454,-2.165579709,348
0.057033391,-0.822635998,348
-0.833170922,-1.141610672,348
-0.395608509,-0.60434105,348
-0.763218814,-0.394974363,348
0.09926014,-0.637336809,348
0.776736953,-1.77935935,348
-0.908719506,0.546329765,348
-0.052126737,1.235507323,348
-0.191039216,0.243082321,348
-0.841525457,-0.708559728,348
-0.907168098,-0.524786589,348
-0.829357871,-0.014291092,348
0.613816176,-0.211797386,348
0.343024963,0.012881471,348
-1.113696036,-1.225594353,348
-0.817847609,0.188870337,348
-0.67755306,-1.258766406,348
-0.414742429,-1.044689981,348
0.708668023,0.011517077,348
0.288457503,0.727659267,348
-0.313120307,1.211413192,348
0.041498209,0.014160998,348
-0.125822134,-0.023412621,348
0.078965311,2.81198823,348
0.270931696,1.741122217,348
0.335871534,-0.459982731,348
0.136450853,1.185412916,348
-0.857135413,-0.976115841,348
-0.258178183,0.461784929,348
0.601809079,-0.665242525,348
-0.480120945,-1.618537243,348
-0.013263489,-0.543354962,348
-0.635217597,1.52896715,348
-0.77649014,0.419259509,348
-0.088426652,0.42456516,348
-0.203747446,0.084486868,348
-1.120200758,-0.679288752,348
0.275103307,0.5794329,348
-0.337412214,-0.231914856,349
1.046864149,-0.290839281,349
0.929658169,-0.819528203,349
0.686373542,-1.045784266,349
0.495092323,0.497924502,349
0.449049228,1.586586465,349
0.24572525,-0.811737627,349
0.935753778,0.581047583,349
0.985143361,0.537693652,349
1.553810431,2.037631443,349
1.336701206,0.774557907,349
1.174492808,0.73270078,349
1.74746765,-0.099810307,349
0.623349616,-0.483654204,349
-0.282485658,0.310032715,349
1.233159817,-0.137630922,349
-0.467915268,-1.66851476,349
1.321281481,-1.90737153,349
1.534798274,-1.671527187,349
1.429741098,1.303796825,349
1.148578238,-1.472143218,349
-0.073640251,-0.378458013,349
1.147073108,0.720527719,349
0.553017464,0.853695207,349
1.755942599,-0.883221868,349
0.646060811,-0.083487236,349
0.678573922,0.225246334,349
1.032270708,-0.613007268,349
0.77137416,0.129763868,349
0.298637049,0.676482198,349
0.268026436,-0.870056904,349
0.831441974,1.413509885,349
1.298131458,-1.110387864,349
1.495772152,0.095257899,349
0.926190817,1.116653571,349
0.373499165,0.572392007,349
1.27544738,1.35868884,349
2.140174341,0.503297433,349
1.564660883,0.331277209,349
1.708574778,1.265403155,349
0.121278192,-1.110463622,349
0.547402977,-0.698279262,349
1.026269342,1.671526747,349
0.564577142,0.154929077,349
0.495804463,1.898239019,349
1.036763074,0.422528281,349
1.051097234,-2.345045526,349
0.438944828,-0.144281572,349
0.762073805,1.546668019,349
0.442928696,1.211252223,349
0.619162419,-1.13139139,350
0.794604776,-0.212956468,350
1.103825332,0.871703302,350
2.217348901,-0.431802407,350
0.762057869,-1.107322856,350
0.00735679,-0.08646237,350
0.53350118,0.653374733,350
1.549273759,-0.662965905,350
0.739763192,-0.699171145,350
1.473735896,-0.808804664,350
1.393060436,-0.912167616,350
0.95179901,-0.976937136,350
1.688078659,-1.538749868,350
0.835502264,0.096451647,350
1.927852778,-1.01242715,350
1.076104031,1.890050585,350
2.714565151,1.004261027,350
0.451110886,0.333826004,350
1.413482994,-1.9824161,350
1.650613183,0.048941182,350
1.45601263,0.136004164,350
0.538576674,0.513445145,350
0.383738211,-0.915774296,350
1.159007309,-0.997774634,350
0.327291873,0.746424515,350
1.06426966,0.821195232,350
1.665140594,1.215170879,350
0.258884538,-1.886730384,350
0.667853079,0.217122653,350
1.223469727,-1.470458751,350
0.682489204,-1.323806818,350
-0.087971378,-1.872387183,350
1.157974693,1.067615218,350
1.114589827,-0.039224814,350
1.236099318,0.959845923,350
1.273835918,-0.167228369,350
1.318984367,-0.505954039,350
1.183411071,1.69681343,350
1.259883986,-0.326095247,350
0.899117579,0.670280715,350
0.800544417,-1.190101243,350
-0.120990132,-0.386035554,350
0.824472612,0.347263392,350
0.250007433,-0.344454601,350
0.91987893,-0.273947787,350
0.792405015,0.108861682,350
2.155599788,0.304184497,350
1.094505364,0.508003717,350
1.110123072,2.171022121,350
1.473226423,0.299203629,350
-2.205503125,0.848444534,351
-0.254939424,-0.620499506,351
-1.83277149,0.360930658,351
-1.93706878,1.021258474,351
0.205878526,-1.30246367,351
-2.317178596,1.573062392,351
-1.8765671,0.765295162,351
-1.730398107,0.332732392,351
-0.282902852,0.314653597,351
-1.438078317,0.126729069,351
-0.632163346,-0.378830605,351
-1.18163349,-0.037200713,351
-1.88551,0.1027414,351
-1.028843981,0.007876781,351
-0.636677381,0.031289929,351
-1.686815386,0.724929536,351
-0.693121413,-0.619484797,351
-0.754368159,0.278947028,351
1.018820641,-1.072971502,351
-1.529049936,1.529113133,351
-0.262617688,-1.121082194,351
-0.401438915,-0.181891569,351
-1.155466492,-0.96300611,351
1.355404964,-1.095634528,351
-0.297964163,-1.159521663,351
-1.237526084,0.709296584,351
0.331805192,-0.993214746,351
-1.833960238,-0.214290164,351
-2.201383094,1.405603938,351
0.10257409,-0.478937572,351
-0.768437247,-1.682479413,351
1.39009443,-2.499861065,351
-1.543757978,0.914500563,351
0.275907929,-0.728503943,351
0.644584165,-1.549809432,351
-0.585856812,1.185876751,351
0.154031665,-0.828528084,351
-0.456060345,-0.855040533,351
-1.179210767,0.788107192,351
-1.875520107,0.904320455,351
-3.139347001,2.789213225,351
0.175075656,0.05517968,351
-1.510801441,0.545367026,351
-0.906550124,0.153428368,351
0.555441064,-1.517609983,351
0.333388722,-1.165592973,351
-1.805745059,1.567478284,351
-0.762047489,-0.407310282,351
0.701111537,-1.36560963,351
-0.071662212,-0.124943426,351
-0.802481475,-0.100814733,352
0.657916004,-0.661653492,352
0.48400049,-0.928504822,352
-2.175869032,1.431708811,352
-0.239232158,-0.741323619,352
-0.413108932,-0.127497411,352
-1.484708519,1.62723182,352
0.135892038,0.351464128,352
-2.133073218,1.511914548,352
0.079292366,0.086735519,352
0.920390609,-1.443641455,352
-0.620907785,0.52155908,352
1.950109774,-2.220511998,352
-1.25266257,0.839115587,352
-0.867939796,1.066873443,352
-0.18040526,-0.79442617,352
-0.840036117,-0.157727816,352
-1.840510558,0.822440572,352
0.007341783,-0.430083465,352
-2.596729907,2.723180522,352
-0.630698682,-0.074302566,352
-0.006063535,-0.29346219,352
-1.045444968,1.203021776,352
0.158102342,-1.406287136,352
-0.630215252,0.757232596,352
-1.619419695,1.777152426,352
-0.1628571,-0.751462682,352
0.102395148,-1.240115874,352
1.046072895,-0.888088451,352
-1.196816768,0.552925641,352
-0.583688973,0.883945548,352
-1.172539861,-0.744870175,352
0.447514136,1.261386181,352
-1.108417702,-0.000943256,352
1.436689664,-0.989286301,352
0.076012449,-0.052798542,352
-0.069063837,-0.137407173,352
-0.533042949,-0.164524721,352
0.504668273,-0.178850266,352
-0.081337551,0.140590822,352
-0.919090871,0.2161891,352
1.392171107,-2.249260518,352
-0.354912501,0.608283786,352
-1.212244225,1.281930211,352
0.039225398,-0.43340861,352
-0.480046292,0.775294285,352
-1.918743252,1.601286091,352
-0.105680843,-0.184845205,352
-0.788812757,-0.699433802,352
-0.909936646,0.113894248,352
-1.746046674,0.006407321,353
0.550948613,-0.066782233,353
-0.825302803,0.958683562,353
-0.014387636,1.157959542,353
0.936184027,0.61092363,353
-0.680015787,-0.299256668,353
-0.677491703,-0.589298363,353
-0.733446476,0.780747719,353
-0.096693059,0.529677733,353
-0.363034998,-0.9409739,353
0.099321043,0.292943525,353
-0.131009651,-0.094175738,353
0.256555972,-1.877576536,353
0.00989591,0.839219999,353
1.053152243,-2.255974374,353
-0.674063901,-0.249356076,353
-0.614552693,1.50680475,353
0.130854647,0.090561263,353
-0.201250443,0.427288117,353
-1.176472743,-0.563285158,353
0.363066979,-0.669462907,353
-0.410840256,-0.439526306,353
0.062179181,-1.669088443,353
-0.230782719,0.50603321,353
-0.158970042,1.547906005,353
-0.499637459,0.356843857,353
-0.106044654,-0.818327669,353
-1.119180144,0.792249312,353
0.134927098,1.296272502,353
-0.680361224,-0.362939309,353
0.217183304,-0.740094304,353
0.8927329,-0.133271087,353
-0.310947727,-0.08367883,353
-0.3318459,0.557794168,353
0.488329022,-2.11110816,353
0.646053414,0.455378099,353
0.40210704,0.454863137,353
-0.376381002,1.047065442,353
-0.514068562,-0.222612579,353
0.272687525,-0.529106503,353
-0.513947994,-0.243646985,353
0.180887252,0.594232531,353
0.096779777,-0.369791794,353
-0.111963016,-2.365123722,353
-0.321528407,0.516676822,353
-0.237175169,0.041396312,353
-0.153555671,-0.295154134,353
0.212477027,0.530025881,353
-0.156765915,-0.632449232,353
0.499576178,-0.748311414,353
-0.108692089,-0.833158144,354
-2.155608886,0.790045125,354
-1.516385814,0.701519127,354
-0.290688194,0.286030035,354
0.028479089,-0.602484504,354
-0.667603391,0.435037426,354
-0.860964601,0.261379381,354
-2.165345467,1.300796085,354
-0.390802637,0.133004789,354
-1.141347202,0.23561008,354
0.927852401,-1.301583338,354
0.18020007,-0.53043474,354
0.937820216,-1.460114433,354
-1.731581629,1.219202359,354
-0.168093236,-0.607621423,354
-0.343953981,0.01867587,354
-0.193553496,-0.4656434,354
1.282015528,-1.573315671,354
0.780028497,-0.85315946,354
-1.719305676,0.931507971,354
-0.513690011,-0.423882905,354
-1.129358847,-0.025074299,354
-2.053482001,0.903723604,354
-0.553329322,0.281962476,354
0.136726804,-0.091928599,354
0.779787369,-0.290494689,354
-0.172061907,-0.765709832,354
0.495593378,-1.219736036,354
0.634755551,-0.706040328,354
1.625984933,-2.425607759,354
-0.850985542,0.781614723,354
1.535089758,-0.964092065,354
0.533564935,-0.394458836,354
-2.135851549,1.233496171,354
-1.133990823,0.325629262,354
-0.481266156,-0.199400683,354
-1.298576981,-0.1110539,354
-0.116507198,-0.164874176,354
0.758943542,-0.702045746,354
-1.125457778,0.392039884,354
-0.766044769,0.244472757,354
-1.334657031,0.42149791,354
-0.645448899,-0.705995,354
-2.326296248,1.52057495,354
-0.905630618,0.935161712,354
-2.170335627,1.561772019,354
-0.742250738,0.003998003,354
0.505877202,-1.079382461,354
-0.377404507,-0.166399602,354
1.811558016,-1.98978206,354
2.06361408,0.606995121,355
0.834605606,-1.746109429,355
3.022857497,0.800616039,355
2.731547392,1.435987073,355
-0.132890513,-2.668369483,355
1.947443077,0.205910885,355
0.808589007,-0.383090379,355
3.41902249,2.27126674,355
1.655724382,0.798934543,355
1.465489106,-0.082288159,355
1.228009261,-0.983228221,355
0.541442578,-1.216540031,355
1.488188322,-0.167921634,355
0.736492055,-1.203645245,355
1.998562457,0.334898822,355
0.022987152,-0.362076791,355
2.946225583,0.314482277,355
1.871273275,-0.071307492,355
2.973430167,1.300450003,355
1.710579996,-0.547106711,355
1.807490902,0.973165927,355
1.731203138,-0.651076625,355
1.596306998,-0.574374829,355
1.78164994,0.715150194,355
0.139263775,-1.239124084,355
1.721172049,0.551739344,355
3.770072447,1.945285152,355
0.218970354,-1.717432428,355
1.14218146,-0.904886613,355
2.05524787,0.197566663,355
2.542846787,0.807823242,355
1.671491429,-0.630793947,355
1.448978263,-1.749520309,355
1.806221192,-0.282588315,355
2.128393464,1.011560338,355
3.104607024,0.932332261,355
2.07549064,0.396305762,355
3.309013522,1.650699272,355
2.543504709,1.155472635,355
2.063559407,-0.323888464,355
0.379893694,-1.071650419,355
2.982748096,0.775037396,355
3.207890587,0.494638586,355
2.499328366,1.21219902,355
-0.044136691,-1.51841695,355
2.221897624,0.68576663,355
1.663195958,0.708733462,355
-0.993343372,-2.318415656,355
1.320017546,0.100489626,355
2.823358964,1.689172754,355
-0.13760346,-2.461520886,356
0.780340151,-0.128656412,356
0.935505657,-0.18656192,356
0.775582087,0.7527591,356
-0.572364806,2.032916528,356
0.014746384,1.428234462,356
-0.18598861,0.128839817,356
0.084736322,0.214890559,356
-0.476271119,-1.382263593,356
-0.051754889,1.051930992,356
0.931025885,-0.508341991,356
-0.70236172,1.60605049,356
-0.77153002,2.087604148,356
0.613536716,1.342272917,356
0.312393989,-0.780854758,356
0.250849983,-1.282026583,356
0.163020238,-0.543633563,356
-0.055552653,-0.417833105,356
0.280789389,0.365464376,356
-0.273754898,1.064874658,356
0.839008039,1.854484065,356
-1.096203397,-0.036290108,356
-0.254510558,0.875120894,356
-0.122061503,-0.175911392,356
-0.419177287,0.314454502,356
0.237846829,-1.032215598,356
1.161088792,0.074705589,356
-0.082692035,1.275984393,356
-0.634867182,-1.61746376,356
-0.659383138,-0.027033036,356
0.488420537,0.323333119,356
0.479343629,0.297978253,356
-0.1470469,0.038136908,356
-0.131505797,-1.694168822,356
0.356190854,1.848738913,356
0.998103112,0.416962113,356
0.53083211,0.214514415,356
0.276889776,-0.200356034,356
-0.4121384,-0.226384756,356
0.673520256,-0.406593657,356
0.442719579,0.75717121,356
-1.051160537,-0.033934322,356
-0.166664602,1.958705258,356
0.510317595,-1.033418133,356
1.108511234,0.044637662,356
-0.28649166,-1.125692471,356
-0.750986603,0.989228128,356
0.978378856,0.970834351,356
-0.963274313,2.174665488,356
-0.143949024,0.65740904,356
-2.137597062,0.738524308,357
-0.514139295,-0.503324248,357
-0.083433736,0.014484288,357
-2.501587815,0.724504397,357
-2.214990808,0.698299682,357
0.49003669,-1.093556244,357
-0.144738926,-0.161428476,357
2.142348563,-2.351908065,357
-0.589460247,-0.210488822,357
-1.488488349,0.404846964,357
-0.484974599,-0.534902117,357
-2.826865982,0.428314719,357
0.831704567,-1.057451294,357
-0.601665464,0.420975826,357
-1.94943537,1.587099478,357
-0.5776517,-0.506434713,357
-2.712113893,1.638585886,357
0.379538666,-1.060430344,357
-2.01270208,0.128291031,357
-1.903409524,0.820911138,357
-2.414631104,0.928764775,357
0.691724101,-1.077926486,357
-1.369722136,0.017306358,357
-2.344645482,1.229008426,357
0.81612506,-0.523498178,357
-1.650624157,0.02994138,357
-0.501955264,-0.0800247,357
-1.762768267,0.690220783,357
-2.630005746,0.545378286,357
-0.481326846,0.239368524,357
0.199226383,-0.179521096,357
-0.02928054,-0.6203039,357
-0.967874784,0.317129418,357
-0.818288307,0.2227875,357
-0.156568941,-0.665110764,357
-1.206984753,0.547924616,357
-1.240922167,0.543046513,357
-0.662331632,0.277082874,357
-0.838538795,-0.586275841,357
-1.87769509,0.78131489,357
-0.290233315,-0.2615019,357
-1.310660399,0.929249044,357
1.964788566,-2.13761623,357
-0.491373592,-0.191384647,357
-0.721968201,-0.700433955,357
0.538812725,-0.911533361,357
-0.999290952,0.637683272,357
-2.472206349,0.91303665,357
-0.942394472,0.920822228,357
-0.486119802,-0.611903066,357
-0.275867713,0.37442351,358
-0.145969972,0.202387282,358
-1.087512991,0.796340161,358
-0.375351159,0.668030422,358
-0.850137931,-1.29083432,358
-0.669445122,0.180924002,358
0.730300088,-2.658516906,358
-1.709454369,1.501097492,358
0.646617313,-1.681142223,358
-1.421198917,0.332033249,358
-1.284799094,0.515505871,358
0.557534031,-1.441304339,358
-0.468200073,0.580093796,358
-0.658876565,-0.26568603,358
-1.439652241,0.877838961,358
-1.167699459,-0.206283441,358
0.204065117,-0.071452833,358
-0.750299911,0.90761122,358
-0.789516659,0.728424884,358
0.053471767,-0.909690669,358
-0.795185405,-0.113961287,358
-0.206176413,0.43466853,358
0.049129979,-0.575293405,358
0.450710427,-2.006406897,358
0.576965398,-0.977236546,358
0.102106411,0.642478453,358
-0.244337943,0.613403008,358
-1.347441633,0.857425832,358
-2.676823744,2.248551157,358
-0.173671464,0.334373208,358
0.573128529,-0.914779142,358
-0.210971311,0.087838359,358
0.431579574,0.032085498,358
-1.646528521,0.705198571,358
-0.415522088,0.01724654,358
-0.654020617,-1.121827214,358
0.135312282,-0.515486748,358
-0.633797249,1.154350173,358
-0.50213908,-0.413599796,358
0.142172567,0.385900836,358
0.397174449,-0.728721437,358
-0.0088831,0.341493459,358
-1.179174567,-1.126067975,358
0.253539598,-0.120006997,358
-1.226752059,1.277712868,358
-0.905768667,0.367937892,358
-0.007549302,-0.048760475,358
-0.290630963,-0.25117233,358
0.216428862,0.414893988,358
0.080421447,-0.0908948,358
0.2309583,-0.277589631,359
0.596610014,0.235764169,359
-0.849295291,0.6133383,359
-0.237430537,0.623125822,359
0.085618906,1.431323052,359
0.479116288,0.267971185,359
-0.040087593,0.271518697,359
1.59645822,-2.344873027,359
1.532893285,0.015024958,359
0.266695687,-1.460383503,359
0.272816739,0.554676446,359
-0.250988162,0.253332877,359
-0.150125042,-0.066298621,359
0.262871181,1.175593641,359
-0.427685963,0.712377549,359
0.105141471,1.247447092,359
0.412044704,0.304975654,359
0.361639173,0.833558632,359
-0.008530704,-0.004300018,359
0.880921688,-0.028937046,359
0.413468038,0.455074912,359
0.943547192,2.2481024,359
1.175708796,-0.615725918,359
-1.038821501,0.667730416,359
0.986177873,-0.092471399,359
0.521826444,-0.663286185,359
0.088376808,-0.29911663,359
0.534051232,-1.215527326,359
0.433021692,0.086826028,359
0.128599199,1.885627889,359
-1.3390097,2.246712632,359
-0.142590248,2.297056307,359
1.008670409,-2.538533054,359
0.547640979,0.389292218,359
-0.166826134,0.222483028,359
0.153735389,-1.357695572,359
0.090602053,0.33051221,359
0.508008692,-0.437982394,359
0.574949051,0.708834558,359
1.245331485,-1.409298707,359
-0.205243366,0.130104748,359
0.432864167,-1.365973639,359
0.392782245,-0.342866701,359
0.921278844,0.591033369,359
1.020289114,0.214359463,359
0.944198251,-0.502305852,359
-0.160548465,-1.295204753,359
1.34118707,-0.09223659,359
0.302172787,-0.745633154,359
0.215334919,2.134871431,359
2.437848288,1.282983904,360
2.116670288,0.381249344,360
1.773464867,0.728474966,360
1.734377346,0.544947535,360
1.638403395,-0.916580842,360
1.070501657,1.311699659,360
1.431028849,0.472446137,360
1.151459753,-2.390220543,360
1.812203893,-0.447348192,360
1.578903234,0.592353763,360
1.221690031,0.65159376,360
1.967114878,-0.199499372,360
0.753908503,-0.739534415,360
1.896599991,-1.198394761,360
0.666560746,1.015774471,360
2.24128198,0.732240821,360
2.125951843,1.245148739,360
1.759693505,-0.605656525,360
-0.056787332,0.290413964,360
1.154591429,-0.562187971,360
2.183960603,-0.721461841,360
1.863794545,1.002090277,360
0.257071631,-1.482413116,360
1.666585485,1.161202276,360
1.523322778,-0.42312837,360
2.391458486,0.097452017,360
1.384316256,0.627790459,360
1.884208863,-0.428613941,360
1.98594415,2.776030742,360
0.382693444,-0.810852844,360
1.54911175,-0.148190602,360
1.386854944,1.494726831,360
1.65844743,0.490822214,360
0.640480957,-0.62561983,360
0.862332981,-0.495756951,360
1.246706249,0.92811165,360
0.806400948,-1.5976049,360
0.661475264,-0.650331003,360
2.509958733,-0.648864719,360
1.942618202,-0.665474036,360
0.641064723,0.036686217,360
1.141397632,1.885125426,360
1.278473122,-1.550003853,360
0.899484337,-1.088600394,360
2.112486603,-1.763844942,360
1.565095148,0.576687846,360
1.419440028,-1.204509521,360
1.125083243,-1.226168322,360
2.082869741,-0.363413022,360
0.701768417,1.460202533,360
0.453188913,-2.870987226,361
-0.288254876,-0.151602485,361
-0.022087212,-0.34815592,361
-0.380176085,0.464453209,361
0.16705667,0.855903942,361
0.937801687,0.243098495,361
-0.621465447,0.542454154,361
0.145295712,-0.088799006,361
0.301029049,1.352889331,361
0.392573197,1.638262332,361
0.634473348,0.519690832,361
1.206564523,-0.375180941,361
0.231389406,0.064014157,361
0.84795995,-0.668732598,361
0.31164294,0.621032373,361
0.425479334,0.13916892,361
0.421325489,0.454960533,361
-0.019554421,0.321807848,361
0.897704295,0.556131153,361
0.315975404,1.124045649,361
0.471250336,0.371729232,361
-0.330464118,2.358231145,361
0.005500404,-0.030906222,361
0.476968776,1.360644019,361
0.163604027,-0.272619313,361
0.947296555,-0.424119756,361
-0.39405943,-0.614224801,361
-0.022211489,0.26024669,361
1.283552177,0.474366245,361
0.687534045,0.093651464,361
0.045722097,-0.915923581,361
0.93716003,-0.443866721,361
0.817892815,-0.1422202,361
-0.007262479,-0.056434136,361
0.134901086,-0.199676704,361
0.382064304,2.309080845,361
-0.217580681,-1.597530017,361
0.437469297,-3.577748317,361
0.322634559,0.073336491,361
-0.005023963,-1.281778862,361
0.256046992,0.098266565,361
1.156135374,-0.930935592,361
0.275516786,0.472768025,361
0.373017923,0.651713491,361
0.53220759,1.82755429,361
-0.041095507,1.752561991,361
0.647064717,-2.065962443,361
0.01515956,0.543795678,361
1.50304276,0.117332586,361
0.453330524,0.802469435,361
0.475784265,-1.580517155,362
0.198890591,1.309610637,362
0.073343617,-0.362063791,362
0.989923744,0.487923747,362
0.955952614,-0.450404486,362
0.096820892,1.779414495,362
0.075048894,-0.623410425,362
0.811246934,-1.079386836,362
1.423134529,1.685458344,362
0.021690416,-0.42309253,362
0.395642204,-0.86918069,362
-0.021671215,0.035058277,362
0.545130032,-0.046081015,362
1.813499376,-1.506028526,362
0.154012244,0.605162158,362
-0.2204735,1.316287574,362
1.492382168,-1.226700418,362
0.633325524,-0.660881634,362
0.490877288,0.130770874,362
0.657791489,0.955905704,362
-0.576044466,0.359337699,362
0.013782495,-0.188713789,362
0.422512811,0.205752869,362
0.431693401,-0.094552053,362
0.494082837,0.093704662,362
0.81710016,0.378896982,362
-0.171787915,1.128285794,362
-0.272499874,1.159613667,362
0.581518868,0.349451778,362
0.326648846,-0.565254019,362
1.091723483,-0.530736021,362
-0.00101168,-0.806067013,362
-0.473023533,-0.055139861,362
0.472983283,-1.610497853,362
-0.259780557,0.589886929,362
-0.394889714,0.594739699,362
0.34588833,1.397771442,362
-0.566935177,1.161585968,362
0.43203114,0.163620694,362
0.136217634,0.582180836,362
0.717525825,0.557233993,362
-0.071772467,-0.271810422,362
1.253545298,0.217706557,362
0.545259602,-1.049504141,362
0.983868708,-0.214517518,362
1.59511441,-1.380035797,362
0.207650722,-0.297897603,362
0.946350474,-1.516377677,362
0.82374701,-0.058241276,362
0.781991812,-2.161852268,362
1.715576436,-1.62549827,363
0.839702107,0.576623259,363
1.306956312,-0.04053309,363
1.466688874,-0.185178984,363
2.185271267,0.633404307,363
1.159669818,0.247507317,363
0.357030041,-1.270891753,363
1.897285869,-0.059041077,363
1.315283882,-0.934215134,363
1.462026902,0.423469916,363
1.300677405,1.723349593,363
1.459746937,1.39055733,363
2.80334728,1.652035143,363
0.535962972,-0.102701308,363
1.917439312,-0.093426273,363
2.222215738,0.811414244,363
0.773845725,-0.076027545,363
1.001952224,-0.615414658,363
1.389415333,0.894863213,363
0.638088431,0.001875229,363
1.616479537,0.473903837,363
0.577645572,-0.523509518,363
0.196531667,-2.194502945,363
0.794069323,0.963732038,363
1.660605197,-0.50955579,363
0.201918641,0.95045596,363
0.238685782,0.635900712,363
1.588522581,0.159940861,363
0.918542337,-0.74333593,363
0.316872763,0.386434712,363
1.803785433,0.460989619,363
2.049162865,-0.216141011,363
1.427488146,0.660662925,363
1.856193421,-0.174642068,363
1.525936499,0.36046289,363
1.187403806,1.430969731,363
2.516881018,0.960135661,363
0.564146508,0.48072194,363
0.635288899,0.824523992,363
1.336976315,0.768523326,363
1.206043823,-0.827552488,363
1.290384353,0.445218005,363
0.71370464,0.180576775,363
0.419310361,-0.769256413,363
2.773509768,-0.057404411,363
0.308257491,-0.726728726,363
1.290199372,1.289789172,363
0.623479834,0.549296684,363
1.380275371,-2.298039484,363
1.484681089,-0.371739827,363
0.303415961,0.421871779,364
1.125583891,1.247183383,364
0.014107018,-0.00404473,364
-1.172112352,0.014633352,364
1.50598266,1.015210718,364
-0.352877552,-0.853874625,364
1.998119502,1.144782563,364
1.070046434,0.900596624,364
-0.364306908,1.027345738,364
0.305663348,-0.386166873,364
-0.428219203,-1.66367087,364
-0.096985934,-0.251479447,364
1.09098037,1.066265637,364
0.422446466,0.481027957,364
-0.545767493,-1.039484562,364
-0.262538612,-0.746327338,364
-0.701977408,-1.337724891,364
-0.765923556,-0.828053622,364
1.388999778,0.603115981,364
0.883078949,-0.006332672,364
0.831470559,0.290838219,364
-0.944078231,-1.701521642,364
0.192540851,0.004463186,364
1.481369647,1.485643035,364
0.224563116,0.75198892,364
-0.411732728,-0.000733937,364
0.641670099,-0.194435615,364
0.181981698,1.197786593,364
-0.416670591,0.717862654,364
0.84876504,0.172619793,364
0.738187689,0.766344528,364
-0.896453894,-0.24294951,364
0.958263574,0.743829845,364
1.504286156,1.505568878,364
-0.474763158,-0.487320665,364
1.504253361,0.769858133,364
0.793714839,-0.144549206,364
1.431599905,1.081696577,364
-0.823785092,-1.726922958,364
0.903845769,0.019163487,364
0.626259344,-0.888288181,364
-0.499422436,-0.386094075,364
0.398395827,0.669532951,364
0.662742792,1.027020591,364
0.070608752,-0.102366475,364
1.365141556,1.646351208,364
0.274657007,-0.051552343,364
-0.274678582,-0.365776013,364
-0.827541273,0.336519681,364
0.011440325,0.789788428,364
-0.105566651,0.640948035,365
0.526698764,0.352133078,365
0.37676728,-1.673253815,365
-0.34159042,-1.018277238,365
0.555912065,0.361141308,365
-0.433459931,-1.357538066,365
-0.051550056,1.655414353,365
-0.75631608,-0.006339645,365
-0.88437285,2.294636465,365
-0.188393566,-0.122158238,365
1.06956738,-1.270240895,365
0.0199452,0.370036653,365
1.319285676,0.104867259,365
1.054049465,-2.729072217,365
0.780118415,-1.707343071,365
-0.480799189,0.860756815,365
0.67221581,-3.737925186,365
0.259140733,-1.736546837,365
-0.12118725,0.002432542,365
1.240652379,-2.225685946,365
-0.770884369,1.369138139,365
0.662087611,-0.286084687,365
-1.054479402,1.08066404,365
-0.198087368,0.195663791,365
0.322040679,0.093861858,365
-0.034914375,-0.039000507,365
0.558917461,-0.028070775,365
-0.007718015,0.238181977,365
0.558619572,0.140633206,365
-0.3902947,2.547124153,365
1.010657077,-0.557037255,365
0.226869825,0.118830147,365
0.483361082,-1.760236758,365
0.263334373,-0.392869546,365
0.469573342,-0.035432718,365
0.008052611,1.10951437,365
0.47798667,-1.005316231,365
-0.519713021,1.194472726,365
0.185951897,0.220738706,365
0.672991092,-0.65818442,365
-0.942786356,1.674396253,365
-0.526612682,-0.212066441,365
0.792415355,-1.153526864,365
0.63153601,0.605250125,365
0.378362525,0.240316958,365
0.12968382,1.029542034,365
-0.200610631,-0.766413968,365
0.599984278,-1.448352794,365
-0.373331003,1.173306374,365
0.313912452,0.286350137,365
-1.334081658,-1.160109853,366
0.24383212,-0.176832822,366
0.623522397,-0.646533915,366
0.175953627,1.154929641,366
-0.674279488,-0.736659065,366
0.060792028,-1.728355616,366
0.295485877,-1.597418458,366
0.269697878,0.79820166,366
-0.766345146,-1.277589084,366
-0.417975212,0.735716176,366
-0.049598468,0.779449868,366
-0.014774756,0.574771473,366
-0.407188801,-0.833730607,366
-0.018255998,-2.366989448,366
-0.340646547,-0.413294474,366
-0.259234351,0.108108082,366
-0.32787177,0.105963007,366
0.128512198,0.95759609,366
0.118780321,-0.190753757,366
0.11908898,-2.36783667,366
-0.143362226,-0.194127703,366
-0.467644442,-0.554200423,366
-0.198855235,1.088024811,366
-0.30466891,-1.317655135,366
0.132919872,0.182128538,366
0.118488452,-0.364980592,366
-0.184396963,0.523744953,366
-0.408705696,1.420014817,366
1.155427464,-1.079748018,366
-0.105303878,-0.24511104,366
0.194291527,-2.599427689,366
0.628637824,0.387242067,366
-0.349950914,0.977873073,366
-0.265993779,1.036505543,366
0.013526919,0.483401239,366
0.017256648,-0.149698506,366
0.85559144,1.19916965,366
0.214999808,-0.592679192,366
-0.849365951,-0.991177963,366
-0.904221201,1.185637206,366
0.223166732,-1.512464212,366
0.522061361,-0.078676078,366
-0.786565146,2.54576016,366
0.878478662,0.710277402,366
0.112010228,-0.426601099,366
-0.627629598,1.271693004,366
0.074107319,2.780892915,366
-0.398428078,2.02089032,366
0.115758416,0.520997491,366
0.801483703,-2.458114418,366
0.600189802,-1.645245155,367
0.446287362,-0.016102559,367
0.096708432,-0.21163401,367
0.647429126,-0.801631773,367
-0.072097436,0.766387236,367
-0.281997774,-0.533472647,367
0.375951254,-0.59490935,367
0.056354004,0.142345797,367
0.717756453,-0.816777629,367
-0.265996348,-0.076055762,367
0.106552636,0.84408489,367
0.299323507,-0.558390606,367
0.229433653,-1.555423366,367
-1.465456879,1.953127117,367
-0.168189638,0.207507893,367
0.321888396,1.793170659,367
0.373944488,-0.081225371,367
-0.158080426,1.679245972,367
-1.052786583,0.392104038,367
0.198222894,-0.131532136,367
0.049037652,0.51850017,367
0.13788099,0.535464364,367
-0.463484032,-0.043069943,367
-0.639945608,1.534162004,367
-0.860893991,0.068985103,367
-0.044772741,-0.647764916,367
-0.525388306,0.859400183,367
0.38864648,-1.271799758,367
1.449986353,-1.552389779,367
-0.46254102,0.564114939,367
-0.206201103,0.024225656,367
0.508820889,-1.283198428,367
-0.121713271,-1.960144376,367
0.159410825,-0.09773961,367
-0.480969442,1.378341784,367
-0.903200201,0.687631222,367
-0.852006054,0.934235754,367
0.772200382,-1.905856024,367
-0.953892571,2.211723698,367
0.473852142,-0.716848646,367
-0.213916749,0.969915441,367
0.65445048,-1.193939326,367
-0.748184545,-0.016322286,367
0.167670256,1.001199006,367
-0.908674549,1.120671438,367
-0.855720824,1.11733009,367
-0.273443051,0.461507456,367
-0.132759272,0.618512015,367
2.864376744,-3.617320539,367
0.172461331,0.021077967,367
-0.841327713,-0.936896418,368
-1.149616913,-2.083575356,368
0.693899434,-0.521875215,368
-0.59204094,-0.369599103,368
-0.143180129,1.000117915,368
-1.064029334,1.441950266,368
0.045212259,-0.840149301,368
-0.537888203,0.18158688,368
-0.208340369,0.185668475,368
0.695298017,1.37724649,368
-0.64977391,-0.447519956,368
0.290535178,0.463788269,368
-0.025756792,0.450852392,368
0.612963982,0.009736698,368
-0.30604058,-1.464303865,368
-0.450165727,-1.197756017,368
0.098087276,-1.788397285,368
-0.504936263,-2.272013589,368
-1.117017912,-0.458493058,368
-0.310175437,-0.428182005,368
0.533895573,0.520538484,368
-0.776927367,0.304235363,368
0.133468822,1.157205335,368
0.040888556,0.686155044,368
-0.857267337,-1.106466492,368
0.130012699,0.762679506,368
1.103590111,-0.688420978,368
-0.232552861,0.488013017,368
0.275746368,-0.416407217,368
0.102717435,0.505263917,368
-0.897336418,0.809439271,368
-0.781698386,1.980427091,368
0.064020054,-0.576702694,368
0.054233682,-1.744169169,368
0.120123551,-0.089552532,368
-0.631077751,0.270072324,368
-0.429598335,2.445384823,368
-0.977333545,-1.390867383,368
-0.26944712,0.387123343,368
-0.816892798,-1.7090657,368
-0.42994484,0.946050613,368
-0.334294229,1.520712722,368
-0.643710421,0.141035877,368
-0.346080848,0.286102139,368
-0.68688782,-0.646387872,368
0.230212467,0.831211713,368
0.176974586,-0.024006837,368
-0.224467138,0.272367786,368
-0.023845784,-1.774944861,368
0.570480964,-0.669483782,368
1.278110731,-0.741895556,369
2.169796965,2.066906823,369
0.095957578,-1.32524046,369
1.144931384,-0.283682695,369
1.74822051,1.372444374,369
2.029296839,0.000133522,369
1.751215851,0.793208765,369
0.3593803,-1.050487953,369
-1.578717452,-2.985419299,369
0.421277516,-0.974237673,369
2.009236861,1.549040276,369
0.479914835,-0.142355966,369
0.941446673,-0.237468173,369
-0.415170684,-1.309554632,369
-0.506950199,-1.048592895,369
1.135430772,0.216390774,369
1.752118193,0.287511834,369
0.789173878,0.247381963,369
1.57223221,0.804746485,369
2.547620445,0.976055326,369
3.023074387,1.188766163,369
0.329813987,-0.933014348,369
-0.53043427,0.026162074,369
0.364267848,-0.954930616,369
0.790276616,0.200204337,369
1.835653648,1.143448456,369
-0.372805147,-0.75751799,369
1.320390663,-0.264880795,369
1.661468997,0.372837314,369
-1.002793733,-1.192244897,369
3.253487622,2.388551909,369
1.164678919,0.30670344,369
1.130890987,1.683607435,369
3.092827491,2.121858792,369
-0.904562113,-2.094721677,369
1.266048635,0.553535307,369
2.128651251,2.165470341,369
0.21190729,-0.031137205,369
2.020034503,0.680536002,369
0.098346974,-1.156911984,369
1.758733758,0.724875657,369
2.01881046,0.920953711,369
4.16887405,2.039271296,369
1.638762067,0.417664511,369
1.729147324,0.316444691,369
2.34406014,1.16056386,369
1.203016856,-0.629175938,369
0.638257158,0.357893067,369
1.064307643,0.159417626,369
0.184834175,-0.842925187,369
-0.258103284,-0.313709697,370
-0.158089631,-1.454750848,370
-0.244443873,-1.617390873,370
-0.771571974,1.313071928,370
-1.000554642,1.181512932,370
-1.216602698,-0.117266301,370
-0.548128117,1.268609742,370
0.329271171,1.300976343,370
0.272296415,0.638055123,370
-1.221591646,0.234715774,370
-0.543829648,1.879193501,370
-0.733719106,1.913866464,370
0.538759271,1.379122064,370
-0.662287787,1.575920471,370
0.224571626,-0.981498721,370
0.040162168,0.615243689,370
-0.540707591,1.187320127,370
0.405961132,-0.621353734,370
0.025076419,1.025211268,370
-0.497723659,-0.030149468,370
-0.43444507,0.704526007,370
0.051861892,-0.019170618,370
-0.411622776,0.732476093,370
-1.125374742,0.286705161,370
-0.397360824,0.565544785,370
-0.616905628,1.973083708,370
0.176579999,1.627886186,370
-0.046802193,-0.698836852,370
-0.153605706,3.2233406,370
-0.808515368,0.985057819,370
-0.194280832,0.640105333,370
-0.136376931,-1.79425149,370
-0.899492424,0.703954983,370
0.092631756,0.111071083,370
-0.741680657,1.107909165,370
0.152309736,0.434211772,370
-1.350484107,-0.471240065,370
-0.726087762,2.158874261,370
0.494131459,-1.381489289,370
-0.312703316,0.475611646,370
-0.28492846,-1.255148405,370
0.106735633,0.26036768,370
-0.182954471,-0.316904913,370
-0.044186768,2.898004932,370
-0.03658638,0.133140876,370
0.415528852,1.292410501,370
-0.756545581,-0.170862766,370
-0.453835789,-0.621052367,370
-0.40231103,-0.84692832,370
-0.210741502,-0.549064131,370
1.481126523,2.577207075,371
1.692119672,0.455329577,371
0.451959662,-0.264348527,371
0.838256219,-0.228592685,371
1.376489441,0.903695798,371
0.39752074,0.48836412,371
1.064064328,0.17322649,371
0.549371579,-0.755562268,371
-0.319058769,2.723105653,371
0.657349411,-0.848285587,371
0.16303583,-0.49242131,371
1.23835379,-0.528346375,371
1.108072069,-0.235667789,371
1.631047886,-0.69976056,371
0.06822586,-0.653695441,371
1.322294739,0.299313159,371
1.276363999,-0.755960204,371
1.697652641,0.455343131,371
0.969613278,0.608121102,371
1.558858722,-0.944278036,371
0.711365247,3.578020985,371
0.240256617,0.720235232,371
1.19367466,-0.046319124,371
1.359731841,0.781787598,371
1.960324164,-0.131377333,371
1.899743066,-0.845468754,371
0.608701261,-0.499783023,371
0.911988562,0.08310133,371
0.542678816,-0.874726787,371
1.25568048,0.775343272,371
1.848879061,0.917516495,371
0.379767255,0.533728719,371
0.028407316,0.633422003,371
1.489692402,-1.502072822,371
1.108427448,0.849097307,371
0.96524997,-0.367065118,371
0.992109339,0.892759741,371
0.921086684,0.845174282,371
1.940490079,-0.679713442,371
0.665880874,1.188237432,371
1.114512632,-0.532152544,371
2.110283243,0.64435971,371
1.753409586,-0.082306657,371
0.156123765,-0.415778945,371
0.2579287,0.241843007,371
1.104261171,-0.433654994,371
0.573598216,-0.630120834,371
0.480031431,0.572139905,371
1.289341377,-0.904027553,371
0.293155296,1.566292888,371
0.635439966,-0.76531294,372
-0.401392452,-0.298119965,372
0.178560174,-0.327328127,372
-1.359658253,1.616714228,372
0.417927665,-0.653385774,372
0.333814203,-0.100221551,372
-0.735770676,1.081796556,372
0.502633552,-0.86686112,372
0.409137802,-0.952290791,372
-0.440970285,-0.313734568,372
-0.091092033,0.549471361,372
1.717296908,-0.799165672,372
-1.226424683,0.312324667,372
1.612427299,-0.885339014,372
0.548254019,-0.371583103,372
0.359612046,0.606826248,372
-1.080841895,0.255912056,372
-0.109522743,-0.766901514,372
0.544577635,-1.299695017,372
0.970264683,-0.558006637,372
0.853878896,-0.512515458,372
1.786475895,-2.324603455,372
-1.134126996,1.324287807,372
-0.306194723,-0.908198616,372
-0.681955981,0.346716389,372
0.249028894,-1.354139629,372
0.305007383,-0.689433732,372
0.736359396,-1.175734445,372
1.203225567,-0.859571856,372
-1.067070097,0.528316028,372
-1.469887226,0.240114387,372
-0.993287173,0.822877036,372
0.174868206,-0.440586126,372
-0.420801447,-0.17704336,372
-1.282217932,1.653839198,372
0.559198677,0.08826911,372
-0.174377937,0.155712538,372
-0.518517161,1.012852082,372
-0.485558393,0.406167,372
0.695545965,-0.720736524,372
-1.14463241,0.861148641,372
-0.859294218,0.960228605,372
-1.067856592,0.557303068,372
0.255425549,0.376312635,372
0.084953421,-0.774288893,372
-0.608976636,1.357273538,372
-1.579698183,1.944092314,372
-0.400343282,0.054740858,372
-1.143649504,2.059887036,372
-0.535277659,0.290954666,372
-1.586064092,0.327970955,373
-1.282291646,-0.869578001,373
-1.889188917,0.202207891,373
-1.664075048,0.99242371,373
-1.248039825,-0.879299161,373
-1.160832738,1.744813143,373
-1.874036286,-0.750778615,373
-1.012999281,0.731203925,373
-1.363888658,0.208906963,373
-1.6406392,-0.525757822,373
-1.510771648,0.839799638,373
-1.051816546,-2.07492591,373
-1.838815843,-0.937606837,373
-1.640143659,-0.696660115,373
-2.794603696,-2.434643188,373
-1.425788564,-1.230918418,373
-1.860472251,-1.432526686,373
-1.143293355,0.047887867,373
-1.173551025,-0.810977189,373
-1.209200362,-0.091386571,373
-1.122689374,1.264234913,373
-1.487230424,0.464842979,373
-1.523472893,-0.914929654,373
-0.949323642,2.622582553,373
-1.976485537,0.503983169,373
-1.456001669,-2.056531732,373
-1.339864981,0.237332958,373
-1.466203358,-0.150451621,373
-1.144347022,-0.617724674,373
-1.693332707,0.845067349,373
-1.104223212,0.319713997,373
-1.125030746,0.767469363,373
-1.215755091,1.596784411,373
-0.653626537,1.149813527,373
-1.142648886,0.072510629,373
-1.785112625,-1.150017842,373
-0.368943209,2.054355116,373
-1.222816351,0.203586017,373
-1.412156123,-0.261373561,373
-1.373387541,-0.836877173,373
-0.50480272,1.69463378,373
-1.265906809,0.526922897,373
-2.614599708,-2.047090444,373
-0.318378655,2.63793495,373
-1.438375365,-0.146846716,373
-0.549732283,0.871356225,373
-0.623886926,0.933540019,373
-1.068722288,-0.678526266,373
-0.967849412,1.830364201,373
-1.642452265,0.645381445,373
0.313145648,0.868998012,374
-0.690044864,0.206787851,374
-0.514433852,-1.028172221,374
0.584760157,-2.593288942,374
0.158558253,1.04351718,374
0.060306817,0.576834763,374
0.786829819,-0.405224494,374
0.050986396,-0.192732721,374
-0.148218985,-2.015870716,374
-0.129375991,1.021967601,374
0.014264034,1.581968713,374
-0.838956621,0.218739391,374
-0.431738783,-0.257788789,374
0.09870743,-0.197429817,374
-0.109503156,-0.084307675,374
0.553294617,-0.296441158,374
-0.401497806,-1.067595749,374
0.675731092,2.777740256,374
0.286210585,1.43230315,374
0.280715412,-1.617705591,374
0.744625149,0.579837452,374
1.425058556,0.467535374,374
-0.543554627,0.711353054,374
0.421628407,0.214590668,374
0.1120131,0.203100695,374
0.135676255,1.260262456,374
0.937383942,0.478879384,374
0.185722835,0.664018852,374
0.095935293,1.106591183,374
0.488923921,-0.608510759,374
0.598917682,0.78049128,374
-0.005431454,-2.339074532,374
0.085418124,-0.27707526,374
0.328434894,-0.372337878,374
-0.225177342,-0.639533722,374
-0.257342651,-0.383088155,374
-0.130435446,0.492310617,374
0.412466991,0.931119593,374
0.351022735,-1.093256009,374
-0.416969295,-0.880145517,374
0.3403041,-0.600100973,374
-0.371605338,-2.369647346,374
-0.29275547,-0.127269245,374
0.248928775,1.641676904,374
0.124572989,-0.99838917,374
-0.408452731,-1.679756395,374
-0.11985002,-1.004625695,374
-0.021190567,0.777254231,374
-0.417573074,-0.004727353,374
-0.513628573,1.749615302,374
-0.80732252,0.453993586,375
-0.048885255,-0.636852324,375
0.225078489,0.512103974,375
-0.437589866,0.737444755,375
-0.502624455,0.329355494,375
-1.743327104,-1.1989738,375
-1.394719352,0.369118701,375
-0.693963005,0.015875944,375
-1.180232895,0.495138591,375
-0.466895835,-0.691207909,375
-0.703308474,-0.487478056,375
-0.030135836,-0.125409878,375
-0.921513445,0.569646136,375
-0.144185618,0.495848115,375
-0.850777379,1.017375356,375
0.26050529,1.431387349,375
-0.299050832,0.496429426,375
0.949896552,-1.070653438,375
0.392510642,0.625064265,375
0.254853234,-0.465625056,375
-1.546488374,0.596603702,375
-0.886966116,2.233399209,375
0.26992688,-1.65525164,375
0.083777265,0.157549296,375
-0.921791279,-0.070583135,375
-0.642434724,1.451231258,375
-0.942809127,0.907232676,375
-0.995561183,0.516196869,375
0.983100237,1.31061139,375
-0.560114514,-0.134374517,375
-1.241084279,0.012472312,375
0.213940161,0.508930516,375
-0.38795641,0.567863121,375
0.254502145,-0.64411707,375
0.043258146,-0.890890248,375
-0.297237382,0.270134199,375
0.215687096,-0.449398024,375
-0.261484486,-0.58909208,375
-0.05435779,0.017308321,375
1.205192198,-0.268043638,375
-0.9935043,2.568996102,375
0.186503499,-0.225762431,375
-0.993382089,0.899968601,375
0.754039491,-1.442293931,375
-0.544950119,-0.08698726,375
-0.128662684,-1.133111324,375
0.008076393,-1.447317706,375
-0.200006245,1.784765857,375
0.457388978,-1.619906807,375
-1.044129707,-0.404531176,375
1.567155448,0.744702929,376
1.610196917,0.632057335,376
0.907576002,-0.344700766,376
1.749281637,0.544562861,376
0.214254031,-2.225877442,376
1.981940055,1.318177197,376
1.387767823,1.285094419,376
0.440318262,-0.976330436,376
2.515533619,1.573047532,376
0.414090338,-0.784735109,376
-0.317469958,-1.204082019,376
0.582414525,0.394657497,376
0.609492799,-0.639996303,376
0.639429548,-0.637540783,376
1.336887919,-1.392107911,376
0.691662398,-1.232825594,376
-0.226267888,-2.305857106,376
1.062751657,0.82940195,376
0.974474188,-0.038891829,376
0.611177722,-1.091532923,376
1.0814933,-0.523855195,376
0.604583678,-0.480876742,376
1.41750938,0.634749004,376
1.475231106,0.488834957,376
0.846382071,-1.245039202,376
1.722084219,1.975720809,376
1.3507308,-0.172599311,376
1.422558843,1.330753196,376
1.133700894,-2.141776027,376
0.970222341,-1.377851089,376
0.577360519,-0.415802398,376
0.440531841,-0.579064714,376
0.371221921,-0.754083345,376
1.19380951,-0.918828469,376
2.037894633,-0.434905173,376
2.7596341,1.667860547,376
1.314602038,-0.004942349,376
0.738403595,-0.016443693,376
1.440769833,0.103505297,376
2.334228999,0.81140638,376
2.318006007,-0.387349419,376
0.352126999,-0.980795503,376
0.464860791,-0.066340477,376
0.002527964,-1.545431087,376
2.347471271,-0.474888161,376
1.054850252,1.447071072,376
0.590134737,-1.877405339,376
1.393582219,1.567560908,376
1.705250263,1.945522516,376
-0.245954676,-0.261178213,376
-3.392773335,0.816387844,377
-0.246751171,-1.429072564,377
-1.589657649,0.178779672,377
-0.844702772,0.074073341,377
0.308336974,-1.365425437,377
-0.713000361,0.274548201,377
-1.929140112,0.426158096,377
-0.640469622,-0.450261252,377
-1.104396813,-0.661403333,377
-0.322094351,-0.797346838,377
-1.374230878,0.530102337,377
-1.112673314,1.44778716,377
-1.843466604,1.173086602,377
-1.255303678,-0.136160623,377
-0.950711484,0.248638293,377
-1.308183879,0.279153084,377
-2.00797826,1.246272369,377
0.520652831,-1.527345794,377
-1.638750692,0.652026188,377
-1.646006316,0.971498624,377
-1.544729421,0.697945065,377
-1.074893848,-1.334220163,377
-0.756807409,-0.836037378,377
-1.238394203,-0.503312856,377
0.043020681,-0.901170016,377
-1.704258173,0.116613257,377
-1.105787769,0.712465373,377
-0.313001827,-0.039095123,377
-0.581737529,-1.580344987,377
-0.919113731,-0.508692844,377
-0.939796353,-0.023216695,377
-1.481350192,-0.156571437,377
-1.369065727,-0.788106352,377
-0.936343665,-0.15977526,377
-1.765485367,-0.051423471,377
-1.08704887,0.217255429,377
-1.939844483,0.654751047,377
-1.773599945,0.709605387,377
-1.031362329,0.255724259,377
0.433521779,-0.902913553,377
-0.708937819,-0.138814265,377
-2.60902919,1.041525879,377
-1.615072467,1.121701527,377
-1.002951104,-0.218912964,377
-1.975129663,0.345417247,377
-2.487629894,0.340628609,377
-1.995695071,0.869963674,377
-0.587593761,-1.463448592,377
-1.302216275,0.169961654,377
-1.42220308,0.91999647,377
-0.245475732,0.619072584,378
-0.70430223,-0.780350489,378
1.281406037,-1.151985056,378
-1.633728233,0.553148002,378
-1.051523159,1.650137875,378
-0.535399503,1.46769755,378
-0.631634611,0.975951198,378
0.610583161,1.979184297,378
-0.869507703,1.295022665,378
0.386796599,0.211734843,378
-0.217205255,0.817648087,378
-0.093361361,-0.643557728,378
-1.22117725,-1.352253059,378
0.387184769,0.723744467,378
0.408794314,-1.227835499,378
-0.467223573,-0.760549324,378
-0.072113208,1.631079581,378
-0.399217673,2.343665849,378
0.36944221,-0.953593633,378
-0.039528168,0.088290034,378
0.337317782,-0.181529543,378
0.720515625,-0.894615749,378
0.541498743,-1.327280765,378
0.063222047,0.919662092,378
-0.781694869,1.356048676,378
0.426444714,-0.717215305,378
0.750683436,-0.849251912,378
-0.429228997,0.10461115,378
0.384491608,0.951167871,378
0.715961162,0.963841471,378
0.326409047,-0.1939124,378
-0.52804145,-1.367446183,378
-0.129172388,0.155666513,378
0.071200216,0.624289959,378
-0.442604302,0.928887836,378
-0.777106296,0.082543658,378
-0.350033073,-0.437227091,378
-0.64105794,-1.095533176,378
0.328591621,-0.447315421,378
0.641193789,-0.504795367,378
-0.334793419,-0.498611005,378
-0.941645515,1.263749442,378
0.227480214,0.014076522,378
0.313216014,-1.051781678,378
0.294639671,-0.882732609,378
-0.89123506,-1.684050017,378
-0.05634632,1.755295496,378
-0.289072767,-0.529922489,378
-0.669566105,0.369235595,378
-0.420830137,-0.758217471,378
-4.514028849,2.411368675,379
-0.291462356,-0.401639338,379
-2.673141447,0.925355422,379
-3.3294245,0.553292454,379
-2.058556046,-0.487793754,379
-0.876575393,-1.268630151,379
-2.601141289,0.387989206,379
0.873426395,-2.330877651,379
-2.461268676,0.572532515,379
-2.440375581,0.284419643,379
-1.173414016,-0.07881806,379
-1.729205206,-0.947974028,379
-1.439182797,-0.16017406,379
-2.095983815,0.760243176,379
-0.707953739,-0.931552655,379
-1.188362658,-1.44266769,379
-1.679385335,-0.232542275,379
-2.557498199,0.198290557,379
-3.493981989,0.434421932,379
-0.750972198,-0.010104031,379
-1.953910511,0.434636166,379
-2.444479057,0.383256393,379
-1.365937356,0.180725475,379
-1.634714526,0.785588581,379
-2.395976069,0.7513166,379
-2.06412961,-0.617328471,379
-2.221933046,-0.175822855,379
-2.91555064,0.366404135,379
-2.152494214,0.42713084,379
-2.624976255,1.020521074,379
-0.816206835,-0.811831625,379
-2.489295808,0.810524641,379
-0.078795424,-1.448395711,379
-1.973933457,1.296229261,379
-2.260445061,0.302649794,379
-2.725918199,0.6387624,379
-0.386416283,-1.389870417,379
-2.858249624,0.608724773,379
-1.483557106,-0.082456369,379
0.170567222,-1.895138024,379
-0.128250924,-1.069180137,379
-2.630367558,0.881248801,379
-0.989002894,-0.982582743,379
-1.952447443,-0.386732129,379
-3.064318723,0.067185122,379
-1.791058357,0.557130021,379
-0.940628577,-1.189929142,379
-1.927746089,-0.035718674,379
-2.434237449,0.086023848,379
-2.154438479,0.623788581,379
0.879851776,2.349009921,380
0.117401555,0.784696533,380
-0.301902234,-0.537802258,380
0.690597528,1.297486471,380
0.830434622,0.969145146,380
1.062169673,2.099335736,380
0.049658032,0.9093789,380
1.652891847,1.630053918,380
0.687338983,-0.476050592,380
-0.019115886,-2.303938464,380
-0.00635453,-0.731906481,380
0.097822545,0.834950864,380
1.244506351,-0.033791709,380
0.672771023,0.192151073,380
0.507373463,0.809382326,380
0.428161456,-0.024132045,380
-0.531329844,0.747350023,380
0.55010411,0.858486899,380
-0.59813086,-2.202656198,380
0.734724197,2.495873319,380
0.234358538,0.614981557,380
0.928907339,0.206104749,380
-0.101324861,0.605551774,380
-0.721919082,0.541339927,380
0.018082077,-0.04762518,380
0.497302475,0.701259784,380
0.53652328,0.636481252,380
0.468778096,-1.388424325,380
0.252745919,0.295833074,380
0.116246598,1.011446274,380
0.983995611,1.252010691,380
-0.347601574,-0.059603262,380
0.608440615,1.048314506,380
0.597334927,0.564431242,380
1.199412976,0.00598218,380
-0.340911603,1.014282275,380
1.194522734,-0.370109993,380
0.091670038,0.620030539,380
0.155794263,0.693275413,380
0.491763997,0.433096753,380
0.766174713,-0.628124074,380
0.260778451,-0.004241999,380
0.054702984,0.631936727,380
0.488885037,0.148613632,380
0.421961549,-0.801566356,380
-0.131941204,1.40089663,380
0.23430455,-0.678588032,380
-0.181757046,-1.059198869,380
1.370806642,-1.499435797,380
0.304292495,-0.267018751,380
-1.227416127,1.478171005,381
0.328823431,-0.419500686,381
-1.033446104,-0.783131131,381
-2.12160264,-0.109132407,381
-0.574490405,0.075572529,381
-0.554558112,0.466184664,381
-1.721929156,0.137409132,381
-1.106181477,-1.086125213,381
-1.162112764,-0.507375402,381
-0.855983096,-0.112026067,381
-1.553293146,0.830689725,381
-1.752408303,-0.307586797,381
-2.398920368,1.114726519,381
-0.461102136,0.957970191,381
-0.833799345,-2.359822911,381
-1.21173187,0.306710926,381
-1.681430428,-1.087885025,381
-0.576684473,0.183110086,381
-1.276044349,-1.380458699,381
-0.968258551,0.538853197,381
-1.223465399,-0.870651303,381
-2.191456944,0.020700949,381
-1.883357449,0.368233723,381
-0.648857911,-0.763112453,381
0.095736784,0.123167181,381
-0.294796692,-0.300411603,381
-0.927820374,0.564097507,381
-1.02205369,-0.149885382,381
-1.198182235,0.059022335,381
-1.327352048,0.759001129,381
-0.682729033,-1.071680898,381
-1.09354571,0.740322064,381
-0.272071699,-0.972344325,381
-1.179262188,1.184646911,381
-0.463487325,-0.795304346,381
-1.288112979,-0.532939828,381
-0.690890155,0.909371193,381
-1.526963251,2.227881665,381
-1.54312738,1.804745786,381
-0.790531702,-0.497675798,381
-1.326816408,0.253049068,381
-0.52651192,-1.935498918,381
-0.542983125,0.073908777,381
-0.12505952,-1.816268861,381
-1.281594629,-0.310169795,381
-1.108812327,0.444380478,381
-0.866595687,1.089700404,381
-1.326565226,0.691983705,381
-0.806033864,0.073877342,381
-0.507669427,-0.861402895,381
0.82012227,0.402144216,382
0.205092376,-0.026295838,382
-0.585967643,0.739060265,382
0.68441272,-0.754728246,382
-0.684660067,-1.059155733,382
0.090786199,-1.642742438,382
-0.257249715,0.289285872,382
-0.320879499,-1.16510171,382
0.600613562,-0.899492421,382
-0.687510359,1.095484227,382
-0.022469295,1.292209623,382
-0.694933395,0.293254917,382
-0.302695172,-0.209357072,382
0.025058706,-0.516566737,382
-0.215513891,-1.119974288,382
-0.157143321,1.132104665,382
-0.146526184,-1.465709395,382
-0.014550293,-0.903880269,382
-0.888582432,-0.61565642,382
0.146006362,0.451470724,382
0.687069565,0.299521496,382
1.014814833,-0.065079478,382
0.108685886,0.17195162,382
-0.430030748,-1.805025748,382
-0.005660242,0.8740484,382
-0.350342128,1.038248662,382
0.136779778,-0.673781499,382
-0.28816084,-0.829450316,382
0.189349044,0.353519616,382
0.314637854,-0.060256433,382
-1.803231937,-0.30070315,382
-0.064580002,0.177566025,382
0.482843053,0.926966292,382
0.280261316,-0.428404556,382
-0.473031765,-3.142040832,382
0.67209244,2.299776352,382
-0.506223363,0.969340511,382
-0.712598022,1.009840839,382
0.525268393,1.746586396,382
-0.186581185,-1.080322632,382
0.843970897,1.656371694,382
0.26361071,0.445191429,382
-1.529553913,0.22083899,382
0.234363132,-1.018125424,382
-0.643913214,0.247886019,382
-0.445957535,-0.088201386,382
0.416959731,1.003281409,382
0.388291257,0.301346368,382
0.780627379,-0.673145641,382
-0.213305565,-0.319044242,382
0.257404526,-1.023083139,383
0.478355916,1.697805011,383
1.368780077,-1.7077041,383
0.667865076,0.500719438,383
0.105091212,0.322269529,383
-0.717536703,1.147925372,383
0.75254911,-1.893286373,383
0.265713962,1.19187181,383
-1.38754698,1.790020778,383
0.772112692,-0.956578796,383
0.740660515,0.031321293,383
-0.360114408,0.519394473,383
1.856798164,-1.133426979,383
-1.568911657,1.63738095,383
0.894380744,-0.46335773,383
0.548107278,-0.890689922,383
0.898464819,-0.972585553,383
0.12865921,-0.01215309,383
0.897841868,-1.091770862,383
0.258949281,-0.037330089,383
0.784779367,-1.096314048,383
-1.076223265,-0.092166784,383
-0.349491326,0.734760666,383
0.389435467,-0.255047233,383
-0.796240166,1.050425121,383
-0.775066355,0.662048361,383
-0.328686183,0.723923891,383
1.101823069,0.067308285,383
-0.373546874,0.956348974,383
1.594140767,-1.399026786,383
-0.62019005,1.226213021,383
-0.20673957,1.67863216,383
0.687505882,-1.69669587,383
-0.252314742,0.880902523,383
-0.767657256,-0.232355836,383
0.244534375,1.110412262,383
0.36317457,0.239375041,383
-1.664962071,2.30058482,383
0.760519543,-1.053699138,383
1.065051439,0.150471283,383
0.907691449,-0.848045253,383
1.025506889,-0.320111036,383
1.465920099,-1.056910467,383
0.72108907,-1.209235445,383
0.561842248,-0.08973871,383
0.994964828,0.46513275,383
0.952834413,-0.30618114,383
-0.207388108,0.930453366,383
-0.590864792,1.030320676,383
-0.155208199,0.795656084,383
0.804308107,0.317554966,384
0.329369456,0.02230394,384
0.2773159,0.075511788,384
0.530022442,-0.361261601,384
0.381610864,1.592211922,384
0.305720956,0.292350434,384
1.128938658,0.581761588,384
-0.299363001,0.427526835,384
0.918040688,-0.763368265,384
-0.186695381,-0.702300611,384
0.391047605,-0.531839174,384
-0.414067272,0.550533903,384
-0.901919614,1.241516237,384
1.036610373,-0.665436849,384
0.179071424,-0.115233426,384
1.068781351,-0.56035493,384
0.422824738,0.522795123,384
0.117184835,-0.707669274,384
0.006780983,-1.270763989,384
-0.279261738,-0.447550547,384
0.658292019,0.573982158,384
0.402775084,0.202170842,384
-0.262999066,0.467738257,384
0.077642403,0.200650937,384
1.276354344,-1.024988844,384
-0.575294209,-0.912240422,384
0.315951875,1.131752467,384
-0.34453095,-0.459383523,384
-0.240595241,-0.631789382,384
0.191606111,1.921353947,384
-0.219103548,1.01699578,384
0.308913446,-0.774383358,384
-0.206340167,-0.638749207,384
-0.240192484,0.463936038,384
-0.187581473,-0.347619319,384
-0.302588311,0.728421559,384
-0.163952439,0.973319465,384
0.044884912,1.42305084,384
-0.183779184,0.580003639,384
-1.153403304,2.616126024,384
-0.219395739,1.305461221,384
0.818967225,0.33710337,384
-1.487559313,-0.736289409,384
0.576683995,1.226209241,384
0.354331409,0.609535838,384
0.98885862,0.452844435,384
1.322338607,-0.152247142,384
0.643565221,0.682505245,384
0.493493711,-0.537257082,384
-0.249224096,1.67329351,384
-0.184781661,0.761318868,385
-0.888314431,-0.177114601,385
-0.553665671,0.55902106,385
-1.173347982,-1.704891943,385
-1.190066857,-0.504581625,385
-0.694761275,-0.383914222,385
-1.6862064,1.103281405,385
-1.590892842,-0.73204031,385
-0.430105941,-0.521386804,385
-0.662211678,0.542809774,385
-1.83980522,-0.227593107,385
-0.214818792,-0.415559016,385
-0.791317003,0.949124573,385
-0.461528,0.800300172,385
-1.023382467,-0.898244478,385
-0.043884423,0.405874558,385
-1.484356369,-0.404792506,385
-1.291804294,-1.284975568,385
-0.602305198,1.415709998,385
-1.256994249,-0.32956856,385
-1.711098641,-0.307968375,385
0.093762795,1.097761478,385
-2.005840201,0.102101787,385
-1.139592094,2.771490473,385
-0.974647008,1.127621833,385
-0.637129868,0.976996361,385
-1.161285988,-0.877964616,385
-0.1329881,0.52036577,385
-1.977403239,-1.642107863,385
-0.850990363,-0.41618637,385
-1.022599399,-0.995253536,385
-1.780522565,-0.540640036,385
-0.713313757,-0.825445773,385
-1.786853703,-0.318039122,385
-0.261292703,0.324087829,385
-0.542381542,0.18554183,385
-0.956133985,-2.575822235,385
-1.758179928,-0.516360131,385
0.50638144,1.840777348,385
-1.002277821,-1.34409353,385
-0.894710162,-0.107753021,385
0.241419776,2.697451767,385
-1.047097308,-0.502999458,385
-0.647417962,1.36902705,385
-0.606952696,-0.127375394,385
0.255149655,1.365228948,385
-1.054430549,-0.144801198,385
-0.534151673,-0.32228382,385
-0.515779029,0.959428299,385
-1.416525325,-0.706773607,385
1.147301183,0.302849042,386
-0.136706341,-0.730263542,386
0.310093315,0.70429029,386
1.074445125,-1.312004681,386
1.17131742,0.504011855,386
1.33333869,-2.357123436,386
0.853192492,0.307282545,386
0.900992136,-0.31894016,386
1.635706195,-1.072032808,386
-0.874686899,1.173853526,386
0.813558673,-0.479156633,386
1.101576517,-0.298105911,386
-0.222788925,-0.437002607,386
0.937061566,-0.1872338,386
0.992955741,-0.633021463,386
0.779046405,0.728329401,386
0.538857595,0.262871743,386
0.921259616,0.297663576,386
0.794217511,-0.586069064,386
0.524060721,0.056454706,386
-0.181650999,1.0729272,386
0.347108185,0.235718055,386
0.110391224,1.173588028,386
-0.009283412,0.52366514,386
0.961463798,1.008469358,386
1.034624458,-2.508339517,386
0.417353479,1.448724817,386
0.05911057,-0.973827333,386
2.377072657,-0.741196258,386
0.86652931,-0.237260886,386
0.533785081,-0.537744245,386
0.19414572,0.068482274,386
0.160105352,0.271452534,386
0.241983685,-0.309105084,386
1.484856813,-1.965029512,386
-0.755340562,0.435640221,386
0.323706635,-1.136508968,386
1.937000493,-0.373267772,386
0.439904205,0.467452188,386
-0.078258446,0.545767675,386
-0.325155821,1.420532047,386
-0.425630397,1.243386647,386
0.083919079,1.038233719,386
0.803307635,-0.577874894,386
1.182668206,-0.809951219,386
0.402536944,0.49754814,386
1.150436162,-0.451294099,386
1.159300234,-0.931085562,386
0.971105134,-0.041246072,386
-0.151624992,1.335419396,386
-0.525948111,-1.372730961,387
0.556014632,-1.54401435,387
-0.214156854,-2.876603814,387
0.396631628,-0.972970524,387
1.306672552,-0.98070372,387
0.099341606,-2.16207599,387
-1.455612655,0.122968057,387
0.594748999,-0.574346555,387
0.195154195,-1.451622596,387
0.183814512,-0.824254567,387
0.701326887,-0.691747043,387
-0.475689249,0.37949048,387
-0.398910947,-0.011859786,387
1.207409071,-1.424678619,387
-0.242187139,-0.686299238,387
-0.335174473,1.777129639,387
-1.142929029,0.374281355,387
-0.253718378,-2.630630558,387
-0.100297054,-0.433389215,387
0.106008303,-1.070744864,387
-0.916199352,0.245541912,387
0.497816386,-0.113856366,387
-0.453291576,0.970050028,387
0.366992661,-1.511124531,387
0.287096529,0.826441246,387
-1.338764199,-1.192113957,387
-0.113911047,-0.164683782,387
-1.045500826,-0.432267784,387
0.756989001,-1.679066834,387
-0.31903324,0.348999203,387
-0.528047166,0.687459882,387
-0.357604796,-2.490143347,387
0.399140782,-1.257239434,387
-0.391257564,1.018605988,387
-0.550886862,0.884679849,387
-0.73066872,-0.417986621,387
0.426055487,1.195630989,387
0.075888851,0.595595953,387
-0.76591093,0.254992811,387
-0.443451127,0.286279282,387
-0.195213936,0.337888076,387
0.317709799,-1.409270277,387
-1.382414338,2.270081471,387
0.02098243,-0.005721326,387
-0.234638909,-1.774270579,387
0.25324219,-0.763334313,387
0.584507772,-1.93477869,387
-0.578210034,0.193916736,387
-0.205439333,-0.24389739,387
-1.435648518,1.169413276,387
-0.152367278,0.677596134,388
0.208285222,0.038837969,388
-0.060484491,-0.443429786,388
-0.201668746,0.917227333,388
-0.978724141,-0.281246389,388
-1.414442546,-2.192260828,388
-1.279172334,-0.456574195,388
1.145843656,0.851670775,388
-0.592772655,0.53028378,388
-0.067256273,0.433248224,388
0.304331371,1.210689149,388
0.295941694,0.432232507,388
0.253455501,-0.733807339,388
-1.274057264,0.19314654,388
1.105402658,2.010698591,388
-0.577031208,1.303988525,388
-0.230706773,-0.730570663,388
-1.761488622,-0.542041445,388
-0.437811794,1.138767097,388
0.002755842,0.134536716,388
-0.191251225,-0.154345402,388
-0.557698079,-0.255535809,388
-0.240485247,-1.046696526,388
0.105299525,0.758370282,388
-1.753292588,-2.369824545,388
-0.963409482,1.028761788,388
-0.62464582,0.270573677,388
-0.453995714,1.721817718,388
-0.296194568,-0.051711837,388
-0.57416247,0.799608297,388
-0.330635806,-0.076614764,388
-1.660121747,-0.781824836,388
-0.947397476,-2.041864237,388
-0.052680438,2.179738669,388
-1.568199454,-0.379268685,388
0.123710409,0.338519748,388
-0.44352543,0.704246935,388
-1.147659016,-0.123626372,388
0.221528006,0.756693571,388
-0.449176827,0.289902542,388
-0.911760405,-0.108974877,388
-0.221270692,1.574450327,388
-0.644388987,0.72570339,388
0.251996206,2.093762913,388
-0.394531157,0.335529298,388
0.188448855,0.738765084,388
-0.74127016,0.196097895,388
-0.864884952,-1.121707756,388
0.249846908,1.212621353,388
-1.012253652,-0.754352732,388
-0.285473645,0.906845917,389
-1.05961088,-0.735752683,389
-0.144452827,0.584659125,389
-0.046272717,-2.153777279,389
-0.360481781,0.22681443,389
-2.289281908,2.785630248,389
-0.486279994,0.165868044,389
0.684959138,-1.159455384,389
-0.125757139,-0.051619843,389
0.503380572,-0.577751516,389
-0.865433561,0.458327036,389
-1.331796763,1.258677597,389
-0.243699757,-0.151436767,389
-0.100288255,0.464636248,389
-0.751446552,-0.322537248,389
-0.38266006,1.224117622,389
1.036544223,-0.542507441,389
1.301421882,-2.472745072,389
-0.310452868,-0.391535594,389
-1.158728494,0.711701089,389
-0.348599264,-0.062921157,389
-0.056732256,-1.968235087,389
0.953138381,-1.489727952,389
-0.46636039,0.314464481,389
-0.715862808,-0.30885875,389
-0.368549606,1.320667578,389
0.420201356,-0.682995642,389
-0.474438085,-0.097604091,389
0.355929689,-1.544889102,389
0.621550198,-1.532116756,389
-0.691619597,0.812271088,389
-0.138139864,0.729417523,389
0.041067698,-0.689622785,389
-1.990201055,-0.871479933,389
-0.679777071,-0.01263369,389
-0.751917027,0.680368451,389
-0.291436397,1.465281427,389
-0.592758704,0.623528776,389
-0.858506318,0.090194646,389
-0.336005504,1.268531348,389
-0.754345292,0.549135281,389
0.615236515,-0.854281596,389
-1.148858257,1.30560932,389
-0.255759049,-1.842232434,389
-1.001527599,0.122951048,389
-0.574228188,0.580906261,389
-0.407423646,1.49216209,389
0.447408567,-0.704224337,389
-0.501059862,-0.147538731,389
-1.151208681,-0.67978883,389
0.226537301,0.418993033,390
1.485019215,0.642374809,390
1.529490761,0.309741523,390
0.291909683,-0.69734745,390
-0.153713622,0.08703,390
1.318445425,-0.714016914,390
2.533971817,1.793361816,390
0.04587276,-1.928553587,390
0.741891413,-0.299881944,390
2.169109042,1.063515638,390
1.143701245,-1.02808552,390
1.404607838,0.472025679,390
1.236957344,-0.634556436,390
1.561018485,-0.534484104,390
0.375816164,-0.567316257,390
1.231622128,0.693632391,390
1.194547287,-0.150071886,390
1.267976006,0.628536613,390
1.968375624,0.499717411,390
0.617639288,-0.038152379,390
0.383866692,0.776050816,390
0.127823215,-1.384155874,390
0.085354043,-1.533821515,390
1.026642867,-1.152940098,390
0.804065576,0.494494736,390
0.488408232,-1.860875636,390
0.592813482,-1.126810304,390
0.983328772,-0.038021224,390
0.382946597,-0.698116488,390
1.203022329,-1.082042977,390
0.96816455,-0.785108857,390
1.176084727,0.474459091,390
0.55119169,-0.189516769,390
1.713045285,0.558417176,390
2.145055216,0.952318666,390
0.549481663,-1.074320343,390
0.875137288,-0.212514177,390
-0.745010297,-1.031428528,390
-0.246620674,-1.105780686,390
-1.000666787,-2.584511534,390
0.918271466,-0.471262412,390
-0.0181776,-0.435463155,390
2.519177362,1.980417827,390
2.459407635,0.268523674,390
0.801193096,-0.459241234,390
2.51773062,0.164406311,390
0.907300422,-0.348884699,390
1.724291741,0.495954674,390
0.236721463,-0.125080561,390
0.726941182,-0.517998129,390
-1.071022412,0.7579019,391
-0.543906897,-0.430206134,391
-1.035261665,-1.03507855,391
-0.5949313,-0.538426285,391
-0.591769194,-1.652414834,391
-0.113580444,-1.515855658,391
0.645132608,1.653661606,391
-0.095650562,0.718003237,391
-0.10638776,-0.216114076,391
-0.616096529,0.607412929,391
0.62743562,0.030098599,391
-1.142686613,0.213484815,391
0.602681871,-0.019721364,391
0.345865486,2.505190702,391
0.505237542,-0.607436639,391
-0.489681317,-1.531215352,391
0.320449563,-0.381481948,391
0.042126281,-0.531175588,391
-0.383746155,-0.367582773,391
0.942053031,-1.464312563,391
-0.899814015,1.620444624,391
-0.769513988,0.543966533,391
0.28420198,-1.647717261,391
0.041605641,-0.270914742,391
0.564974377,0.260495703,391
0.38317318,1.512135438,391
-0.567816749,1.844587778,391
-1.880709952,-0.066854651,391
-1.043749549,-1.154352217,391
0.202080818,0.103521825,391
-0.506352107,0.278492992,391
-0.80664783,-0.199710145,391
-2.013065748,1.265176878,391
-0.529615689,-0.530565109,391
-0.743289091,0.549376952,391
0.687817653,-0.730252361,391
-0.364200612,-0.913241437,391
-1.072509473,1.616488629,391
-0.113482228,0.701106799,391
-0.217827581,-1.526559126,391
-0.08325125,-1.097796871,391
-0.374076677,0.347938769,391
-0.654566659,0.198578405,391
-0.818191561,-1.001800426,391
-1.242784744,0.25494647,391
-0.302114616,-0.015059579,391
-0.055055262,-0.463512998,391
0.897640374,0.901551248,391
-0.618378598,0.136709265,391
-1.1136221,0.775592364,391
0.796087555,-1.005057199,392
-0.249580145,0.056358625,392
1.156486003,-1.112909187,392
0.159977827,-2.473688522,392
0.506209328,-0.857263727,392
0.2686371,0.429940487,392
-0.031149705,-0.210390038,392
0.187175673,-1.119151622,392
0.931354927,1.036820563,392
0.764300923,0.066093796,392
-0.560908784,0.645867249,392
-0.900231932,-0.70222977,392
0.795361992,-1.525285083,392
0.407501929,-0.934811875,392
0.486984482,0.820501045,392
0.763157359,1.678862641,392
0.135929869,1.235541028,392
-0.031441735,0.972188729,392
0.709860775,1.05494499,392
-1.157880213,-0.386879432,392
-0.134707496,0.070147929,392
0.742757629,-0.807430477,392
0.912988434,1.422983222,392
1.085800083,0.338453746,392
-0.534627672,0.694784241,392
-0.191951673,-0.979361422,392
-1.133633321,-0.73761776,392
0.442488074,0.361279295,392
0.223337436,-1.019345014,392
0.665772222,-0.875421564,392
0.625524961,2.296333718,392
-0.069325142,0.686068732,392
-0.851062344,-0.181151172,392
0.47360111,1.728628268,392
0.155277492,-0.613825807,392
-0.226132223,-0.359696603,392
0.472034304,1.072812111,392
0.496985532,-0.865773803,392
0.865338494,-1.329342782,392
-0.769709342,-0.175306282,392
0.128921169,1.876465679,392
0.166556018,0.500256232,392
-0.366789073,-0.784255319,392
0.785587291,0.482362063,392
-0.049983415,-0.980910818,392
-0.287551489,-0.234294041,392
0.430275792,0.083771315,392
0.206147687,-2.341999784,392
0.937301108,-0.392618146,392
-0.851837671,-1.631357469,392
0.401574373,0.170553658,393
0.190709439,-0.945674006,393
1.397061015,-0.443296348,393
0.824995707,0.724737454,393
0.680803389,1.107129117,393
-0.79662008,-0.009675837,393
0.368404038,-0.100978001,393
0.076239639,-0.009226001,393
0.188222025,0.298789175,393
-0.595581052,-0.985989288,393
-1.025888997,-2.535162359,393
-0.947682043,0.144836224,393
-0.629295577,1.217018629,393
0.287661481,0.94671333,393
0.657073249,-0.603552281,393
0.203559725,-0.461292262,393
-0.029783028,-0.819129267,393
-0.151575624,0.042762737,393
-0.656697885,-1.244081106,393
-0.151185916,-0.569227345,393
0.686602318,0.629959921,393
-0.372942839,0.363127166,393
0.289681975,0.268438533,393
0.628485839,-0.407155479,393
1.556090813,1.856271042,393
0.437210017,1.660021673,393
0.511965814,0.152628975,393
0.224915507,-0.597059369,393
-0.095990234,0.964304426,393
-0.397975237,-0.082574713,393
0.077980562,-0.073386875,393
1.234170904,0.183687268,393
0.375667917,0.964729191,393
-0.161337581,-0.157474969,393
0.596195886,-0.869729024,393
0.148254275,-0.471796499,393
-0.354346362,-0.426120478,393
-0.096879998,0.711226833,393
-1.282867731,0.585482497,393
1.384174531,0.875254784,393
1.053485873,2.581067129,393
-0.374039154,-0.966911493,393
0.09657749,-1.400540042,393
-0.113299102,-1.263200047,393
-1.375688773,-1.919888504,393
0.25176585,0.311496636,393
-0.058131937,-0.568457292,393
0.10795714,0.037754021,393
0.424137417,-0.667392451,393
-0.100685761,-0.808309526,393
0.496937704,-0.335269237,394
0.151323746,0.305973045,394
1.229971829,-0.074367281,394
-0.580957139,-1.301898679,394
1.231798395,0.557448851,394
1.807406623,0.495299769,394
1.869714498,1.994861536,394
0.631204991,-0.33061163,394
0.753272622,-0.008803749,394
-0.044157519,-0.708592396,394
1.714589063,1.352111593,394
0.801688719,0.273391217,394
0.129467704,0.208859974,394
0.866860665,-0.554681503,394
0.928988559,0.599064551,394
0.164557387,-1.112821565,394
1.21092285,0.236151993,394
0.711227486,0.712855281,394
-0.99097602,-1.075449593,394
-0.319832994,-0.836312778,394
-0.81892715,-1.488437377,394
1.06333505,0.96370515,394
2.654818203,1.731549544,394
0.869594014,1.26133672,394
-0.136227769,-1.742228445,394
1.626779008,-0.211946698,394
0.7539994,0.861933347,394
0.177049337,0.070944365,394
0.243725634,-0.357814809,394
0.201404314,-2.447748978,394
0.455955283,-0.713815599,394
0.597616647,0.232026106,394
0.376121582,1.027209864,394
0.584720162,-0.978936917,394
0.707505333,0.017759399,394
-0.37226859,-0.155267931,394
0.937635078,0.330863746,394
1.621689974,1.609593927,394
0.79423741,-1.374291838,394
1.342146802,0.444883107,394
-0.302355166,-1.305003615,394
0.597269792,-0.475419088,394
1.775226205,2.143358875,394
0.203469889,0.099465208,394
0.221613197,-0.915061709,394
1.205762911,0.981402373,394
1.262014433,0.249143196,394
0.285495288,-0.295410337,394
0.832927823,-0.308255437,394
0.419561299,-1.39740594,394
-0.185359332,1.427783838,395
1.768111561,-0.572086871,395
0.380242444,0.731706034,395
1.39564691,-0.862691615,395
-0.283626866,0.540097619,395
1.585404945,-2.153350497,395
1.297264231,-1.431744604,395
1.145554732,-1.562240464,395
0.728078984,-0.028506859,395
0.872965336,-0.542729697,395
1.462219991,-1.904693058,395
0.888669679,-1.723851369,395
-0.233933561,1.280019124,395
0.151139076,-0.875587644,395
0.755710233,1.101073094,395
0.023539484,0.761409526,395
0.710970754,0.027037572,395
1.313803434,-0.734895292,395
0.562468989,-1.994162473,395
-0.193036587,0.9119428,395
0.125132558,1.187595914,395
1.144896405,0.107940698,395
0.338200382,0.514484625,395
-0.548590371,0.521099106,395
0.687726318,0.396027521,395
1.194341692,-0.751137085,395
1.509924919,-1.010512936,395
1.250069381,-1.41511458,395
-0.016627829,0.26356507,395
1.069205039,-0.715342836,395
0.148806608,0.309622088,395
0.142440421,0.776639709,395
1.110487447,-0.974745055,395
0.670172565,-0.003463901,395
1.322754946,0.427939261,395
1.508529116,-2.088502522,395
1.104125213,0.197330978,395
1.738184758,-0.588714549,395
0.44716465,-0.061958892,395
0.161816267,0.860412028,395
0.334363982,-0.292041469,395
0.923441881,0.228581655,395
0.238659853,1.419033051,395
1.02229779,-0.583551569,395
-0.020889356,-0.500679126,395
0.042170218,0.761129438,395
0.771918554,0.812896664,395
0.950703833,-0.973185248,395
-0.690920356,-0.044872793,395
0.215527897,0.45217165,395
-2.093976991,0.886190943,396
-1.257647182,-0.345079523,396
-1.761975176,0.53674607,396
0.240227677,-0.652989968,396
-1.196315745,-1.527140238,396
-0.950477045,-1.643890183,396
-1.385840739,0.931851778,396
-2.37030909,1.416708194,396
-1.866159011,-0.919309506,396
-0.652071986,-0.346602454,396
-1.976565031,-0.128888488,396
-1.042395697,0.645466797,396
-2.151584859,1.24552379,396
-1.627149277,-0.78804802,396
-2.778357393,0.208783504,396
-1.422118906,0.903484432,396
-1.296029964,0.763513265,396
-1.778599953,1.630122653,396
-1.43534267,0.249904257,396
-0.815164747,-0.342615198,396
-1.816918363,0.113332736,396
-0.708935865,-1.21596221,396
-0.71598208,-1.108378249,396
-1.004274475,-0.775947939,396
-1.619606639,0.43659972,396
-1.825931505,1.238208754,396
-2.349878692,0.146973098,396
-0.86033803,-0.109392281,396
-1.422428996,0.820557098,396
-1.834181568,-0.943474722,396
-0.480989072,-2.371537032,396
-2.156510566,0.594267285,396
-1.176085742,-0.690500247,396
-1.983187826,0.757614476,396
-1.844595193,-1.51466924,396
-1.218558439,-0.154623929,396
-0.403413118,-1.728738024,396
-0.431519975,-1.242156085,396
-0.308437429,-1.41539772,396
-1.78762569,-0.414497411,396
-1.373939918,0.342188151,396
-1.803622819,0.719073563,396
-2.358966875,0.375729287,396
-1.146213348,-0.214916958,396
-3.102596839,2.682376978,396
-0.997415578,-0.584222297,396
-0.872369033,-1.508875462,396
-1.281944692,0.845187681,396
-2.25538445,0.616154873,396
-2.159658376,0.816264213,396
-0.978452141,1.283917497,397
-0.801925353,0.767999053,397
-1.093170096,-0.505443214,397
-1.085493609,1.919262022,397
-0.564106768,0.475364303,397
-0.089586009,-2.979713666,397
-0.808830086,-0.231427852,397
-1.744814701,0.520902583,397
-1.786164642,-0.880689342,397
-0.504677852,-1.095044502,397
0.178533158,0.253166399,397
-1.412122568,-0.449666832,397
-0.647163211,0.850406715,397
-0.944143227,0.205343034,397
-1.553397482,0.667368797,397
-1.052907165,-1.087634496,397
-0.822162881,0.023307765,397
-0.424178237,0.869875498,397
-0.925047284,-0.361294675,397
-0.583965467,0.14501114,397
-2.352486494,-1.977724698,397
-0.905418279,-0.610739144,397
-0.941904474,-0.398016608,397
0.066133954,1.011560315,397
-1.530132671,0.836757065,397
-0.957354706,0.20293471,397
-2.288680867,0.134922839,397
-1.143194583,0.660248375,397
-1.800364093,-1.781945612,397
-1.011017148,0.88212172,397
-1.106802492,-0.467223341,397
-0.666844419,-0.823251573,397
-0.355666844,-1.076143357,397
-2.194217026,-0.793450504,397
-1.669507506,-2.161854203,397
-1.391539376,1.197929809,397
-1.22103523,1.249839862,397
-1.247236479,0.54342216,397
-0.38626065,-0.402623263,397
-0.538872481,0.497760522,397
-0.54519849,0.328604594,397
-1.686167941,-1.38798947,397
-0.791927693,-0.117740322,397
-1.168870895,-0.008160014,397
-0.877414759,0.771031181,397
-0.300396717,0.042122434,397
-1.908448825,-0.710105547,397
-1.10037476,-0.715664533,397
-2.066000176,-1.630658463,397
-1.536344336,-0.652113262,397
1.323368931,0.768886638,398
0.543911653,3.007358808,398
0.050261774,-0.026044033,398
0.275164004,-0.971212018,398
-0.205506422,-0.021159787,398
0.893776308,-0.626534965,398
0.578508507,-1.494729816,398
1.476360409,0.140717912,398
1.006040719,0.409270026,398
0.514200878,-1.301581503,398
1.255162479,0.819137444,398
0.742310783,0.807159498,398
-0.672450821,0.343316927,398
-0.254732696,-0.465542715,398
1.254982339,1.387002732,398
0.912459338,-0.35872966,398
0.971630862,-0.490633428,398
0.286370511,0.264302771,398
-0.066440444,0.560073699,398
0.463412537,0.704128923,398
0.28343518,0.870222448,398
-0.079417386,1.48037984,398
0.579188303,-0.355607593,398
0.347175657,0.392793493,398
0.161106026,-0.721383036,398
0.582287396,-1.045466427,398
-0.758339448,0.096708782,398
0.800086584,-0.16047589,398
0.132979226,1.461900041,398
0.12437084,0.129813077,398
-0.446139687,0.158046016,398
0.27384465,-1.69233889,398
0.661094041,-0.344416189,398
0.887825119,-0.674204119,398
-0.846234112,0.360575055,398
1.180534608,-1.14183981,398
1.087300537,1.345750363,398
0.341508567,-0.659446766,398
-0.415623288,0.048265049,398
0.523067563,-0.188972297,398
0.831980266,-0.115949619,398
0.231193003,-0.625881771,398
0.183705073,0.339794549,398
2.141517427,-0.867001925,398
-0.350245356,0.965587638,398
0.789495995,-1.396359009,398
0.422229302,-0.111356124,398
0.464377388,-0.714237358,398
0.035351677,-0.970928594,398
-0.350348797,-0.912965046,398
0.11738357,0.579186738,399
-0.038177109,0.133110625,399
-0.036394734,-0.524377249,399
-0.447749193,0.261011098,399
-0.075392285,-0.04674523,399
0.354241437,-0.19962256,399
-0.299601875,-0.145757827,399
0.61770661,0.578620938,399
0.581206442,-0.155434734,399
0.185284962,0.416133164,399
-1.162518434,1.459880711,399
-0.654382704,1.057643077,399
0.086234997,0.558510251,399
0.42449018,-0.163989148,399
0.495809226,-0.207631058,399
1.262543648,-0.517463365,399
-0.026684014,1.611332424,399
1.332659269,-0.898459607,399
-0.253866158,0.395034486,399
1.062357511,-0.594053781,399
0.792163039,-0.921119434,399
-0.8165879,1.230932247,399
0.239814363,0.285274809,399
0.691628532,1.429449105,399
-0.718807071,1.770988914,399
-0.756446129,0.062933485,399
-1.014550874,1.39094057,399
-0.762805371,0.19928958,399
-0.724924849,0.35750372,399
-1.431472478,2.131684492,399
1.219895865,-2.616260738,399
-0.078340322,0.576179192,399
1.53989762,-1.149441037,399
0.027565049,1.053374287,399
-1.163471145,1.833672621,399
1.815283881,-0.814179365,399
0.005139813,-0.222707005,399
0.648248612,-1.000282114,399
-0.217442734,-1.177398628,399
-0.358065462,0.414874381,399
0.837883752,0.692311549,399
-0.348901826,1.485398067,399
-0.387061248,0.682222937,399
0.594186783,0.621570176,399
0.833513104,-1.124310202,399
0.52017085,-0.802846481,399
-0.644152262,0.608320113,399
0.196753642,-0.340119544,399
-0.78709482,1.408208194,399
0.809387067,-0.726831875,399
-0.913426413,-0.464462611,400
-1.947412092,-0.840787172,400
-1.269832589,0.017056257,400
0.513952889,0.96028873,400
0.822659485,0.963101542,400
-1.832870575,-1.204767,400
0.139592264,0.32866225,400
-0.961251917,-0.051357986,400
-0.454051425,0.293134063,400
-0.778486316,-0.228283977,400
-0.421552588,-0.946464886,400
0.688302644,1.362066231,400
-0.563914232,-0.622410007,400
-1.414654718,-0.490963586,400
-0.458967407,1.072344017,400
1.34490296,2.181135673,400
-0.009228521,0.337091364,400
-1.226506536,-0.736549461,400
-0.818459861,0.804989495,400
-1.583849409,-0.405774906,400
-0.874880315,0.830033337,400
0.90305481,0.322167636,400
-1.08850727,-0.120222752,400
0.365083729,1.653158905,400
-0.628214352,0.461488819,400
-1.620814563,-0.932324642,400
-1.612683865,-0.5317788,400
-2.958694464,-2.236383679,400
0.329549324,0.512747192,400
-0.505355309,-0.077441376,400
-1.005314124,-0.790712016,400
-2.479073562,-1.628127897,400
-1.646532055,-0.69533513,400
-0.273739428,0.527073946,400
-0.74204195,-0.171123188,400
-0.331512798,0.232458609,400
-1.799527527,-1.521200814,400
-0.192553742,0.308060788,400
-1.487152455,-0.522248145,400
0.765072361,1.612984366,400
-0.365716549,0.477037568,400
0.451793129,1.235409832,400
1.684138555,1.565137276,400
0.653650229,1.547063208,400
-0.820254233,-0.13335541,400
0.897202536,2.127834484,400
-0.801640821,-0.293562094,400
-0.652810004,0.03599511,400
0.865113004,1.335904357,400
-0.414099756,0.371679978,400
-0.927523793,-0.471824585,401
-0.690029231,-0.733291025,401
-0.652940269,-0.772300127,401
-0.127878773,1.11873476,401
1.020224378,1.667529789,401
-0.431351413,-0.214424156,401
-0.207898385,-0.88776263,401
0.065042604,0.138646945,401
-1.47666495,-0.038356062,401
0.061565436,1.421733595,401
0.595470682,-1.399187345,401
-0.151063141,-0.116998806,401
-1.098756848,-2.506112503,401
-0.453662798,-0.907871313,401
-1.185354908,0.71445639,401
0.225299905,-0.647063869,401
0.869705514,1.329922509,401
-0.583188551,-0.114519983,401
0.077311335,2.291676139,401
-0.473045426,0.329512032,401
-1.329162738,-3.447324165,401
-0.780180539,-1.540166077,401
-1.531644432,0.071673084,401
0.049872733,-0.12345896,401
-0.649268252,0.207172876,401
-1.688155048,-1.384523296,401
-0.741740968,-0.505514214,401
-1.030145546,0.748338163,401
-0.479996714,-0.07794906,401
-0.943009825,-0.881848759,401
0.067462102,0.205446509,401
-1.321018733,-1.264695898,401
-0.603311396,0.986680944,401
-0.267044638,0.042667183,401
0.606434373,2.483670474,401
-1.551630475,-1.961529213,401
-0.373335462,-0.645637571,401
-0.910924239,0.576648241,401
-0.543782846,0.701913632,401
-0.167092426,-0.880034345,401
0.223593132,-0.618108879,401
0.447761893,-0.911581012,401
0.162664936,0.564052151,401
0.054493979,-0.995401775,401
0.421000814,1.535235916,401
-1.217845017,-0.839463193,401
0.561634089,-0.309622725,401
-1.155544555,0.66709295,401
-0.520914725,0.475216262,401
0.586830364,0.476402069,401
-0.506383476,-0.696890509,402
0.753422556,0.724512595,402
-0.32464683,-1.390199407,402
0.340786845,0.626884677,402
-1.214923198,-1.416814392,402
-0.020057395,-0.804610755,402
0.713113562,0.866487715,402
0.48838645,0.895625518,402
1.013417108,0.716381107,402
0.137191968,-0.153559687,402
2.013042037,0.136787797,402
0.016403517,-0.204175124,402
1.158120058,0.848765663,402
1.682187484,1.012701871,402
-0.255874283,-0.229169928,402
-0.180557156,-1.052068512,402
0.311888163,0.72165528,402
0.994615958,0.520059064,402
0.721686696,-0.211308197,402
-0.168631258,-0.6487162,402
0.33704504,-0.241556221,402
1.635888182,1.660800296,402
0.382237358,1.662546691,402
-0.13385775,-0.729426059,402
1.092030345,0.509533493,402
1.31330895,1.043787888,402
-0.818937638,-0.745436327,402
0.504499136,-0.200601901,402
1.006095177,0.355470394,402
0.611783277,0.50955703,402
-0.002018686,0.657662012,402
0.178578028,0.691604892,402
-0.650961396,0.300704305,402
1.737573735,0.259855669,402
1.341520914,-0.588052496,402
-0.056575925,-1.404488407,402
-0.357505548,-0.466704396,402
0.929669726,1.281180208,402
0.494634066,-0.26364231,402
0.508637279,0.158072676,402
1.657122339,0.668047109,402
-0.391239106,-2.384334152,402
0.200701525,0.095101321,402
0.346822319,1.062275631,402
-0.035385504,0.06956035,402
0.057426154,-0.797176943,402
1.396164694,0.428109151,402
0.637108439,0.906655501,402
1.235009369,1.682835189,402
0.367308736,0.205400412,402
0.491536035,-0.47540336,403
-0.798965588,0.221217135,403
0.626300584,-1.289094246,403
-0.261358849,-0.294870268,403
0.019219678,-0.627579592,403
-0.995994716,1.298205685,403
-0.457520259,-0.624188772,403
-0.063329785,1.053484606,403
-0.64968047,-0.092724989,403
-0.676863481,-0.359096303,403
-1.088687952,1.227027711,403
-1.405781373,1.144585548,403
-1.152798179,0.595906896,403
0.4959452,0.673532064,403
-0.238627712,-0.903604309,403
0.688631098,-1.018482753,403
-1.24518701,0.148314399,403
-0.512016714,-0.375175712,403
0.177752589,-0.778471853,403
-0.790246988,-0.18082704,403
-0.385278698,0.779415334,403
-1.066533511,1.12483878,403
-1.110474715,1.409458301,403
-0.104564951,-0.928729656,403
-2.070072538,3.029900663,403
-0.273581175,-0.527278136,403
-0.04093973,0.494592425,403
-0.574728221,-0.445572482,403
-0.823318366,0.194499155,403
-0.258971464,-0.191057593,403
0.844976965,-0.943273153,403
-0.001947923,0.499884524,403
-1.02070919,-0.013812323,403
0.127705182,-1.135618472,403
0.461750019,-2.255048575,403
-0.045812382,0.27634283,403
-0.931105589,1.019771547,403
-0.423975144,0.327146593,403
-0.196712919,-0.65447104,403
0.190778557,-0.29478762,403
-0.598317005,-0.145227915,403
-0.89695165,0.775151625,403
-0.277983568,-1.34129364,403
-0.174385899,-1.443218284,403
-0.55331917,0.344604336,403
-0.579663631,-0.473033137,403
-0.162675769,-0.308728118,403
-1.968947568,0.459400785,403
-1.409748769,1.104300664,403
0.618324068,0.665253632,403
-0.400986192,1.387353024,404
-0.705227479,1.787798205,404
-0.425754237,-1.560510766,404
-1.100123898,1.452474383,404
0.359886093,0.30617972,404
-0.08460237,-0.249698775,404
-1.012038224,-1.21673496,404
-0.650439691,-2.15009289,404
-0.991601273,-0.824507284,404
-0.493015099,-0.240782395,404
-0.573337085,1.137998349,404
0.150002623,0.103791915,404
-0.319349694,-0.202438227,404
0.060792211,-0.55184568,404
-0.168128512,-0.367972993,404
-0.102997057,0.327123274,404
-1.037552746,0.500057326,404
-0.483957277,-0.958591293,404
-0.449593162,-0.411594074,404
-1.295565367,-0.032586367,404
-0.182736559,0.271217527,404
0.720862101,-1.173102477,404
-0.48076229,-1.070372065,404
1.517696683,-0.7115261,404
1.310086351,-2.088344543,404
0.646758674,-0.65820173,404
0.139043359,0.528262611,404
-0.577204445,-0.739036953,404
0.511022489,0.885319309,404
0.268766054,-1.572527565,404
-1.372796172,-1.725174866,404
-0.172171637,-0.114836327,404
0.447744579,1.084490749,404
-0.58344777,-1.715293976,404
-0.759815268,0.172909362,404
-0.5069075,1.089798588,404
-0.706774168,2.118901485,404
0.870134142,-0.364929557,404
-1.191643463,-0.04388618,404
0.161344567,0.314424489,404
0.549299653,-0.665646517,404
0.735887071,0.718160301,404
-0.972713997,1.098745239,404
0.727202932,-1.856981148,404
-0.037240751,-1.673587117,404
-0.666570301,1.778092504,404
-1.998874902,0.173050233,404
0.034557228,1.092462408,404
-0.423820233,-0.221384691,404
-0.901801622,-0.907252636,404
0.106645038,0.160912452,405
-0.564782853,0.551199094,405
-0.657556626,0.566306387,405
-0.320340206,-0.672630625,405
-0.583062398,1.599902688,405
-0.980357938,-0.684107181,405
-0.81383153,0.877904084,405
-0.224965303,0.127565075,405
-0.34945605,-0.084909948,405
-0.117322311,0.111427306,405
-1.253117478,-0.241418424,405
1.07080079,0.657598268,405
-0.025706051,0.688563628,405
-0.033847462,-1.001909317,405
-0.258456499,0.092893293,405
-0.074083545,1.708238544,405
-0.416981417,2.136472886,405
-0.938254511,-0.207400739,405
-1.132537004,-1.695847897,405
-0.521535333,0.117120204,405
-0.648290028,-1.114401674,405
-0.637852646,0.108122608,405
-0.525720586,-0.063677769,405
-1.214566199,-1.196210683,405
0.242911605,-0.220385451,405
-0.034421284,0.276397571,405
-0.713259443,-0.354390726,405
-0.885669822,-0.770807245,405
-0.072099044,0.910513962,405
-1.146172149,0.008680577,405
-2.100976356,-0.910339795,405
-1.050782549,0.613080841,405
-1.106960394,-0.034328945,405
-1.078893674,-0.474575679,405
-0.227173887,-0.242726527,405
-0.059384606,0.348107466,405
0.067699404,0.182009367,405
-1.3846934,0.582803745,405
0.668700211,2.261019868,405
-0.295779914,0.583557731,405
-0.23124529,-0.965038003,405
-0.086433328,0.227625066,405
0.106721824,0.717669384,405
-0.641842488,-0.410965375,405
0.251260804,0.720777405,405
-0.371406763,0.993310463,405
-0.335563752,-0.249974497,405
-0.789237225,-0.614358879,405
-0.365045307,0.412742192,405
-0.533407308,-0.655534168,405
-0.530346094,0.370442254,406
-0.505529151,0.298288932,406
0.056577189,1.782973283,406
0.515267011,-0.603521549,406
0.621017791,0.770065017,406
-0.317158966,-0.328716007,406
0.501402845,-0.61768957,406
-0.468936134,-0.83431033,406
-0.063780479,-1.370413949,406
0.230927767,-0.811729655,406
0.121467865,-1.495139619,406
0.522784023,-0.26311188,406
0.285808357,1.869858288,406
0.460769369,1.325791507,406
0.905748458,-0.18853691,406
0.411837433,0.174103816,406
0.724052279,1.420668721,406
1.347894604,1.195569495,406
0.471048791,0.507728035,406
0.441870895,-0.945229968,406
0.28011484,0.090159558,406
0.651234799,-0.067865959,406
0.279483923,-0.13192246,406
0.185391752,-0.559955059,406
-0.167907369,-1.130221137,406
-0.365898345,0.203177181,406
0.829623313,0.76834662,406
0.494541466,1.187340909,406
-0.390126113,-0.133336191,406
0.017158687,0.306157233,406
0.781626026,0.788949003,406
1.997564398,0.452784237,406
1.055946256,-0.348727201,406
0.970329455,-0.218705196,406
-0.923411582,0.270571036,406
0.521806258,0.263729833,406
0.478745478,0.598095175,406
0.621230583,0.461151764,406
-0.288661856,0.271789503,406
-0.084656185,-1.378752607,406
0.934358182,-0.113892534,406
0.65802847,0.333676875,406
-0.001377408,-0.033567799,406
1.388879671,0.317594313,406
0.24332198,0.220268462,406
0.357102429,0.596612263,406
0.882123401,0.120657421,406
1.346597645,1.04202169,406
-0.641437951,0.843751891,406
1.066542023,0.714303836,406
1.281671043,-0.051425053,407
0.452794682,-0.000162028,407
2.405387372,-0.013393256,407
1.327360966,-0.578372398,407
1.302478582,-1.286852173,407
1.582645491,-1.727243335,407
1.15433836,-0.057382571,407
0.944679162,0.158369061,407
0.651823455,0.03353115,407
1.280350039,-0.977975236,407
1.281827096,-0.065730067,407
1.981783589,0.345843647,407
2.08126285,0.628768705,407
0.430178258,-1.966955552,407
1.791764762,-0.485679664,407
1.597015079,0.455677528,407
0.398731872,-1.027186449,407
0.806494203,-0.394023295,407
0.664874535,-1.788646497,407
3.777667922,3.193337544,407
0.749495073,-0.041248458,407
1.374477271,-1.228652304,407
2.056670576,-0.089278927,407
-0.8119275,-1.799869092,407
1.541692955,-0.266096741,407
0.214374209,-0.477046504,407
2.419726454,-0.439687852,407
0.972222546,-0.779415947,407
1.643058561,0.57557148,407
0.91562489,-0.915576808,407
2.592144127,0.787603024,407
1.243730449,-1.584132276,407
1.618140136,1.497811572,407
1.144688202,0.839628637,407
1.497135702,0.192274553,407
0.318578798,-0.840038624,407
1.128669821,0.915389524,407
1.225742345,0.363808821,407
0.664491117,-0.089878603,407
1.608756787,0.227580162,407
0.825706426,-1.584714765,407
1.254567962,0.380139897,407
1.617208264,0.081441895,407
0.651284194,0.214627809,407
1.969298929,-1.453393204,407
0.773865492,-0.118313871,407
1.011894866,-0.652319339,407
1.272195511,-0.295557649,407
1.910154482,-0.083378889,407
2.717749067,2.264245963,407
0.587775734,0.344017969,408
-0.150041064,-0.516709529,408
0.242762825,-0.373218349,408
-0.697064077,1.13489188,408
-1.302220561,-1.113040114,408
-1.453163851,-1.8901662,408
-0.780191105,-0.357219148,408
0.530752672,-0.330507238,408
-0.040094236,0.359267041,408
0.80812179,1.975212287,408
0.121609788,0.183684898,408
-1.312439859,-0.232431404,408
-1.211659301,-1.616887076,408
0.615823872,1.009694571,408
-0.849628395,-0.677645126,408
0.275299803,0.581917696,408
-1.19707046,-0.563485922,408
-0.49968162,0.184457162,408
0.272627656,0.386188344,408
-0.103640707,0.423595729,408
-0.348239746,-0.494351168,408
0.243289656,0.432182177,408
-0.619095818,-0.873481971,408
0.045703074,0.389514947,408
-0.8347033,-0.73549655,408
-1.239570937,-1.843473289,408
-0.595979319,-0.548615469,408
-0.324199882,-0.920770128,408
0.570281937,0.615672963,408
-1.889484121,-1.335522794,408
-1.255247454,-1.547366347,408
-0.899323875,-0.255639048,408
-1.264693876,-1.681659884,408
-1.520717907,-1.877544341,408
-0.695137903,-0.477689905,408
-0.468322868,0.640990684,408
-0.137697472,0.109502612,408
0.531646927,1.40419292,408
0.294608118,1.53512985,408
-1.2326484,0.153132738,408
0.359911859,0.358712164,408
-0.998072361,-1.213612315,408
0.35105793,-0.331567881,408
-1.267748751,-0.419370402,408
-1.474442876,-1.766383094,408
-1.343821235,-0.848503408,408
-1.211552482,0.109906051,408
-0.647622951,0.088442732,408
0.198146065,-0.325589942,408
0.439752361,0.132159084,408
0.170257965,0.77828314,409
1.568711591,-0.504669396,409
0.883347647,-1.632581552,409
0.19759524,0.676998663,409
-0.01129329,0.536109477,409
0.257966558,-0.614820151,409
0.598258094,0.672631746,409
-0.058023465,2.043690597,409
0.28335978,0.294840643,409
0.274558724,1.726489915,409
0.692273807,-0.769458579,409
-1.120847871,-0.979304482,409
0.730795871,-0.029777547,409
0.603782815,-0.935578867,409
1.255533044,-0.601472419,409
0.17452044,2.31441654,409
0.660688901,-2.049895984,409
0.106987035,-0.094119361,409
0.259197215,1.250603627,409
1.454680941,0.35994565,409
0.393915357,0.121320455,409
0.838112796,0.487033692,409
0.285559209,0.428603143,409
0.817330431,0.065945146,409
0.703248302,1.010106962,409
-0.422399145,0.700840331,409
1.434827136,-1.356739264,409
0.700064141,-0.406617566,409
0.693921556,-1.429011001,409
0.245394107,-0.029276191,409
0.344698701,1.150811637,409
0.221874195,-1.431349616,409
-0.217840029,0.440901966,409
-0.556883986,-1.721653475,409
0.750138148,1.53591191,409
0.925180221,-0.807704937,409
0.419596072,-0.698420344,409
0.82889158,-1.533674564,409
0.471625907,-0.538165591,409
0.531484402,1.001930777,409
0.48846468,0.071214714,409
0.985168228,-0.486551813,409
-0.312090969,-0.27423319,409
1.538612001,-2.562598336,409
-0.212358412,0.041692275,409
0.367561589,1.565716538,409
0.467312824,0.831169124,409
0.607268983,2.036321104,409
0.488571311,-0.116336225,409
-0.075899903,1.410314752,409
-0.071429782,-0.187972925,410
-0.517979139,-0.07471749,410
0.162680946,-1.047909106,410
-0.217143476,-0.499261557,410
0.420468895,-1.54513037,410
-0.63561138,0.142788943,410
-0.342919537,0.020880135,410
0.686468813,-0.206836578,410
1.013751439,0.486465482,410
-0.018662934,0.662366568,410
0.490535181,-1.153316372,410
0.068425768,-1.360456403,410
-0.949102134,-0.34081186,410
-0.806076849,-1.288237039,410
0.581489677,1.633625591,410
0.437755065,-0.516693406,410
-0.527006513,0.557663305,410
0.948294094,1.020372544,410
1.168151018,0.641019231,410
-0.367767429,0.149570908,410
1.617024187,-0.047703932,410
1.001211618,0.601677604,410
0.543666751,0.317474506,410
0.264950379,-2.815565196,410
-0.910905763,-2.047599325,410
-0.800596622,0.29201531,410
0.47980271,-0.552327166,410
-0.494223877,-1.143994419,410
2.229236873,2.003188932,410
0.795759652,-0.266593094,410
-1.147149148,-1.481158567,410
0.072129111,-1.507559565,410
1.121169745,-0.271041354,410
0.979406046,1.023835326,410
-0.104745546,-0.830211739,410
0.274102616,-0.513764612,410
-0.010638652,-0.078137342,410
0.044783081,-0.859955681,410
-0.039620457,0.433830987,410
-0.154345888,0.023133027,410
0.927344728,0.67146919,410
2.232877247,1.963527135,410
0.626622046,0.192282911,410
-0.30503168,-0.830301659,410
0.634363163,1.325499263,410
0.381604045,-0.044009305,410
-0.53770049,-0.827858196,410
-0.265843337,-0.822704114,410
-0.145336529,-1.273429572,410
0.355718136,-1.028165437,410
0.149731009,0.093465345,411
0.09116,0.336707283,411
-0.041050842,0.445541507,411
-1.427589235,-0.936709,411
0.293901584,0.382952637,411
0.610717668,1.003398337,411
-0.691649221,0.223288885,411
1.283127466,2.021207993,411
0.481698171,1.010037578,411
-1.096916122,-0.952947071,411
-1.379204094,-0.888167461,411
0.253493351,1.023221639,411
-0.109757521,0.750745095,411
0.803053057,1.147254138,411
-0.297048217,0.616373974,411
0.58847455,1.769098687,411
1.160193131,0.768392384,411
-1.779911167,-1.0370983,411
0.059087684,-0.100790153,411
2.4393468,2.745962065,411
0.076048534,0.357398222,411
-0.829009005,-0.607775929,411
0.186478956,-0.838650258,411
-1.05598316,-1.352779656,411
-1.215907297,-0.824971911,411
-0.470693092,-0.857983824,411
0.90636345,1.035873172,411
-0.088918354,0.137005681,411
-1.798248077,-0.867316022,411
1.382619538,0.977543956,411
1.919182238,1.642823611,411
-0.659798887,-0.723871012,411
-0.530840258,-0.435234225,411
-0.45632846,0.452075025,411
-0.579785053,0.812014747,411
0.177004569,0.160012541,411
-0.98932761,0.051520182,411
0.923209319,1.438780036,411
-0.586152609,-0.703277957,411
-0.944929724,-1.419260233,411
-0.266018857,-0.185776434,411
-0.303124017,0.355880354,411
-1.851572504,-2.396813866,411
-1.28569361,-0.95669822,411
0.578741597,0.509502907,411
-0.101367889,-0.419678539,411
-0.772075864,-0.391727406,411
1.151990813,2.428119322,411
0.129960039,-0.296114898,411
0.137981329,0.594744145,411
-0.519340143,-0.765010614,412
0.724859305,0.461680496,412
-0.336929303,0.298561176,412
-0.054202536,-1.95338796,412
0.649713655,-1.136275376,412
-0.244829418,0.804865943,412
-0.084194043,-0.298608098,412
-0.587506903,-0.712273576,412
0.378155721,1.483164809,412
0.054026401,0.742875156,412
1.212635182,0.256297036,412
-0.713059198,-0.376564339,412
-0.304710528,-0.609478987,412
0.302543765,0.035095087,412
-0.221105137,1.22412204,412
0.418966237,0.09476231,412
0.016263496,-0.537149161,412
-1.05451646,-1.908253129,412
-0.181268299,-1.149402716,412
-0.938436863,-1.290147713,412
0.533914222,0.977005218,412
-0.962515194,-0.245880194,412
0.042665996,-0.181430798,412
-0.247016466,-0.226825481,412
0.814002691,0.573318881,412
-0.081827056,0.918681315,412
0.230945985,-0.053599408,412
-0.009707029,0.815784348,412
-0.117914136,-1.182168844,412
0.669096665,-0.950157016,412
0.340360477,1.47951958,412
1.468699611,1.471237595,412
0.723247147,0.593318642,412
-0.431267723,-0.767561891,412
-1.059501069,0.04878376,412
0.334384655,1.463129756,412
0.100412696,-0.279109033,412
0.161093662,1.136425497,412
-1.078259841,-1.132293645,412
-0.908568881,0.756920964,412
0.137253444,-0.154003812,412
-0.345682129,0.693369661,412
-0.130897203,-1.235928929,412
-0.49404201,-0.827155109,412
-0.259460524,-0.350707159,412
-1.880489609,-3.588071662,412
-0.353868837,0.935813956,412
-0.500290089,-1.244996736,412
-0.111397475,-0.553049584,412
-0.851072612,-0.52420976,412
-0.592058958,0.160958013,413
-0.394494912,0.342473936,413
-0.462130177,0.951032563,413
-0.455915711,0.342324874,413
-0.812663463,-0.194291793,413
-0.050020217,-1.585312256,413
0.354286135,-2.83463069,413
-1.080843132,1.083059474,413
-0.06319281,-1.635984411,413
-0.308920207,0.208433306,413
-0.74259328,0.362647288,413
-1.823348074,0.24691554,413
-0.728113676,-0.973008535,413
0.184236574,-1.216984819,413
-1.784621026,0.399060014,413
-0.113557291,-0.848190572,413
0.255045165,-0.933044928,413
-1.006971469,-0.694625409,413
-0.954244603,0.89759173,413
-0.809950973,0.805929191,413
-0.063727933,0.422322588,413
-0.526870264,0.22305158,413
-0.376289942,-1.08294005,413
-0.545653519,1.512752921,413
-0.284962891,-1.473649688,413
-0.581327762,-0.768178923,413
-0.717258514,-0.850456961,413
-1.015207308,0.289789097,413
0.394010172,-1.527381415,413
-0.418478126,0.515366325,413
0.078878618,-0.431637389,413
-1.451988819,0.571962422,413
-0.518493481,-0.977288224,413
0.193840272,0.239691411,413
-0.352930631,1.077265015,413
0.096482236,0.697693807,413
-0.683985003,-1.165689833,413
-1.744533198,0.075013491,413
-1.021243524,-1.168902271,413
-0.534191511,-2.557040324,413
-0.844586231,0.251928105,413
-0.531861575,-1.174663379,413
-0.644632993,0.102280539,413
-0.53948454,0.352132543,413
-1.607274233,1.284627582,413
-0.536437583,-1.244927474,413
0.22517731,-0.316742841,413
0.401478833,-1.75293203,413
-0.081308899,-2.359316277,413
-0.674637138,-2.052485339,413
-0.697877379,-1.347492293,414
-0.313775773,-0.091446582,414
-0.0548929,0.499307877,414
-0.87224808,-0.776853637,414
-0.952244363,-0.450424033,414
-0.928098151,1.674581986,414
0.21633284,0.650976137,414
-0.456681148,0.302021029,414
-1.598175223,-2.676234609,414
-0.857694148,0.340418759,414
-0.759893529,-1.078644024,414
-0.100199138,0.955238897,414
-1.3436407,-1.256198915,414
-1.159995725,-0.739276521,414
-1.005822932,-0.104383524,414
-1.942934939,-1.573526398,414
-1.214890105,0.352520397,414
-0.051424614,-0.154627844,414
-1.754241615,-0.23595717,414
-1.211825031,0.130418349,414
-0.841726852,1.157719278,414
-1.725192795,-1.452024481,414
-1.097236458,-0.374055392,414
-0.549273138,-0.346959193,414
0.176711577,1.873165919,414
-0.433116888,-0.894728146,414
-0.984847744,0.121499919,414
-1.25421777,-1.495099835,414
-1.037989075,0.673421662,414
-0.484770976,0.223655113,414
-0.701571375,1.270036777,414
-1.27421254,-1.062068267,414
-1.462250463,-1.37422701,414
0.339601532,0.244011578,414
-0.409224558,-0.123444505,414
-2.398090776,-1.112699419,414
0.190268577,2.029659698,414
-0.869736732,0.251606536,414
-1.314162436,0.978062628,414
-0.854762408,0.334098216,414
-1.340187875,-1.401360504,414
-1.816340305,-1.953430116,414
-1.156126643,-1.012507091,414
-1.751122282,-0.813220227,414
-0.920910642,-1.069334566,414
-0.220028434,0.254758423,414
-0.879683867,-0.410286941,414
-0.960820357,0.501441761,414
-1.134807994,-1.184445416,414
0.090845429,-0.09879835,414
0.784479092,-0.493419488,415
1.144319989,-0.008129149,415
0.782356094,-0.125880388,415
1.02086761,0.284272919,415
-0.291286291,0.518956831,415
0.645839406,-0.489469251,415
1.351114633,1.145614595,415
2.091422521,0.708911726,415
0.762919987,0.058673057,415
0.256334618,0.978953651,415
1.367166597,-0.575875077,415
0.302221338,0.00039306,415
0.585525019,-0.228938687,415
1.414626285,-2.432022303,415
1.321611352,0.619068111,415
0.97301098,-2.350057893,415
1.387833987,-1.261959362,415
1.141677607,-0.301065933,415
1.283444484,-1.341187757,415
0.056680476,0.542470466,415
0.3814435,0.274538919,415
0.772755917,1.185548998,415
1.64288084,-0.594535175,415
0.883858827,1.681362231,415
0.936418001,-1.131759959,415
1.012276951,-0.046526694,415
0.665883007,1.042981445,415
-0.360048048,1.435684478,415
1.237937797,0.277134764,415
1.064476888,-0.196238944,415
0.689941491,1.45367514,415
-0.225724688,-0.688658357,415
0.936736407,1.141771885,415
1.214504373,0.88592456,415
0.553970493,0.903734918,415
0.405735153,1.100362896,415
0.723588633,1.043904996,415
0.519585913,1.35613108,415
0.436079297,-0.304736495,415
0.195481852,-0.105299732,415
0.188576533,-1.384323117,415
0.946118503,-0.042291465,415
1.345806998,0.943553036,415
0.234274511,-1.006032466,415
1.196382867,-0.289348312,415
1.920031995,-0.213343698,415
0.159768984,-0.401280267,415
-0.172210915,-0.131240179,415
0.040061077,-0.272223263,415
1.101478006,0.249887496,415
0.902833367,0.119858314,416
0.339456272,-0.698189444,416
0.557636033,0.123725406,416
1.160800733,1.124029842,416
1.542125114,0.424445646,416
0.413965373,-0.549489959,416
0.883313891,1.074069195,416
1.273645587,-0.718854133,416
0.581737307,-0.684393474,416
0.121742619,-0.652617219,416
0.011359351,0.447022554,416
-0.804705324,-1.179425497,416
-0.002247842,-1.644843308,416
0.66081015,0.115057973,416
0.411408982,-0.8276106,416
0.279546105,-1.056448585,416
0.443490377,0.312978108,416
0.003871925,-1.424297956,416
1.48080826,1.497890421,416
0.192587746,0.414874135,416
1.083294471,0.007146959,416
0.431249713,-0.184306495,416
-0.486217489,0.763389806,416
2.268829883,3.182726183,416
1.56894107,1.599861483,416
1.026864443,-0.387621959,416
0.813250836,-1.655870503,416
0.543253805,0.179490925,416
0.42122235,0.492347126,416
1.613363424,0.466016905,416
0.281413618,0.409523438,416
2.682712543,2.18970617,416
0.067142055,-1.282716746,416
0.993287492,-0.672689001,416
0.97906046,-0.805552691,416
0.638163842,0.465704445,416
0.586536178,0.925670255,416
0.659589104,-1.23150814,416
1.63011315,-0.416665111,416
0.990440123,0.576633296,416
-0.432317024,-1.042446337,416
0.308633256,-1.191360207,416
1.112329293,0.490163757,416
1.231194956,0.184021251,416
1.545806134,2.190144336,416
2.269601793,1.617745427,416
1.57898817,0.52219521,416
-0.074098589,-2.584967562,416
0.458220015,-0.035289712,416
1.256719511,0.550179737,416
0.515793047,-0.176395536,417
-1.409790044,1.146079133,417
0.801550311,-1.343961849,417
-0.346445206,1.796853075,417
-0.030091057,1.255537283,417
0.571582625,-1.663562665,417
0.353426297,-0.383543017,417
-0.089177056,-0.607770151,417
-0.838007531,0.851732024,417
-0.106226938,-0.413083608,417
-0.552717049,-0.410560005,417
-0.779084303,0.942425655,417
-0.060863183,-0.040328388,417
0.38275773,-0.014475271,417
0.05203038,-1.084030267,417
0.559556586,0.365434173,417
0.297214301,-0.534869497,417
-0.779192704,3.248837929,417
-1.106023871,0.952405631,417
0.655557488,-1.246486893,417
1.068423016,-0.659717519,417
-0.531350845,0.033632306,417
0.738288255,-1.066528864,417
1.540354889,-0.347693545,417
-0.386928863,-0.149535342,417
0.614766521,0.409643491,417
0.31620594,-1.031258278,417
0.114364594,0.615972121,417
0.556477001,-0.164166789,417
0.433725136,-0.703413894,417
-0.413887809,-0.224176292,417
-0.251482688,-1.318857297,417
-0.588746292,2.401686837,417
0.793371179,-0.73520004,417
1.5752879,-1.76110178,417
0.929699803,-1.5974442,417
-0.32162309,-0.703034097,417
0.951266101,-2.301768186,417
-1.61080663,1.456051106,417
0.762171852,-1.109497556,417
-0.238283748,0.572675679,417
-0.031450735,-0.496289162,417
0.806561382,-1.991346991,417
-0.293036063,0.217361957,417
-1.022260375,1.602250358,417
0.015725693,1.247515674,417
-0.261094736,0.610449416,417
-1.874737331,1.369441418,417
0.052519581,-0.715991968,417
-0.217061977,-0.075562977,417
0.717031951,0.478968802,418
0.15524127,1.133804545,418
0.913366834,1.496799763,418
0.226564645,0.463603533,418
-0.126466623,0.507356469,418
-0.025741493,-0.663485691,418
0.207146278,-0.815574023,418
0.914450654,1.215302971,418
0.680697196,1.371195613,418
-0.266439564,-0.059313929,418
-0.145721501,0.531032023,418
-0.015517885,-0.357383104,418
-0.343034038,0.219652041,418
-0.433096237,0.242519874,418
-0.365364758,-1.339586196,418
-0.152926383,-0.778532829,418
-0.691716971,-1.080055232,418
-0.175782358,-0.115454863,418
0.534919057,-0.940233807,418
0.796539602,0.42223973,418
-0.502015147,-0.027240014,418
-0.947944367,-0.940235756,418
-0.421141836,0.349386662,418
0.024409443,-0.234686101,418
0.475112532,1.167503273,418
0.579107637,0.198654917,418
0.893566799,0.808862589,418
0.900040293,1.356190156,418
1.025276226,0.52891445,418
-1.107062096,-1.912560373,418
-0.193792296,0.027158901,418
0.801195575,0.461466644,418
0.732600429,0.909869324,418
0.029646283,0.593090349,418
1.083280288,0.755704451,418
-1.333047938,-2.381769125,418
0.908406695,0.616349104,418
-0.003429281,0.846861012,418
0.312235928,-0.477647519,418
0.532949168,0.758967966,418
0.795320776,0.583420918,418
-0.450192186,0.023426926,418
1.268923486,0.211883261,418
-0.294654548,-0.416871329,418
-0.379165973,-0.802320794,418
1.678114317,1.591482845,418
0.220644844,-0.063826677,418
0.352745616,-0.358731374,418
-0.552568168,-1.741023734,418
-0.732304671,-0.718461564,418
-0.3671746,0.899013319,419
-0.814007561,0.402582169,419
-0.91464588,1.338594108,419
-0.547395147,1.895042907,419
-0.147397216,0.857788849,419
-0.408710482,0.050880956,419
0.754571022,1.486098924,419
-1.082571464,0.08554962,419
-0.510001296,-0.948371034,419
-0.23975069,-2.475455657,419
-1.524396621,-2.405367508,419
-0.736139499,-0.50169942,419
-0.164678243,-2.010769494,419
-0.162880612,-2.437151956,419
0.215878134,0.589629166,419
-1.329060393,0.112127579,419
-0.952608931,-0.820981823,419
-0.540713593,-0.325106129,419
0.440556738,-1.09464246,419
-0.596584077,-0.367465167,419
-0.735877646,-0.917942372,419
-1.132915531,0.327883023,419
-0.469180685,-0.302780399,419
-0.670096352,-0.304154717,419
-0.66846462,-0.764278654,419
-0.805514611,-1.40944118,419
-0.514039455,-1.43802344,419
-0.640603847,-0.179942154,419
-0.281162027,0.584923271,419
-1.148425205,-1.393230962,419
-0.794812076,-1.165387746,419
0.950319467,1.269898177,419
0.068326224,0.675773845,419
-0.785347252,-1.385184484,419
-0.6397148,-1.582366027,419
0.084348864,-0.146589608,419
-0.324373466,0.684566582,419
-1.10403149,-1.019135338,419
0.166174922,-0.819820064,419
-0.796898506,-0.22277369,419
-0.72040425,-0.900866542,419
0.398442103,-0.180737629,419
0.175174152,0.350535836,419
-0.001428003,1.600856704,419
0.230302079,-0.423723649,419
-0.398131248,-0.984247796,419
0.215459059,0.038220784,419
0.163320015,-0.20393822,419
-0.772271991,0.808225495,419
0.030559907,-0.27825487,419
1.071821442,-0.144541279,420
-1.155782939,0.188753741,420
0.638708313,-1.200782621,420
1.109971079,-0.524974892,420
-0.17673485,-0.283878705,420
0.510621102,0.554616789,420
1.184745204,0.166420003,420
0.77434916,0.298207538,420
-0.153022442,-0.873859846,420
0.526131743,-0.376489571,420
1.35838111,0.436138012,420
1.221266043,-1.204801846,420
-0.036661418,0.928280395,420
0.215319934,1.141198107,420
0.833313103,1.209768078,420
1.073967454,0.039235382,420
1.531737227,-0.042853506,420
1.391884451,1.054680798,420
1.248987636,0.247336115,420
1.465244655,-1.585320996,420
0.161592745,-0.834208788,420
1.375515919,0.032032787,420
0.476119875,0.968173591,420
0.479476412,-0.611841419,420
0.931434113,0.669105463,420
0.635632597,-0.354747206,420
1.460101754,-0.148642928,420
0.311309227,-1.306594178,420
1.153411334,-0.433105536,420
0.472767288,-1.727039742,420
0.382697309,1.518177604,420
0.472977625,0.334218712,420
0.779576605,-1.420599737,420
0.059925899,0.043615068,420
0.569744822,0.240161153,420
0.461078855,2.055055314,420
0.277784846,-0.708359075,420
1.052372022,-1.661555819,420
-0.725698522,1.402529069,420
0.838782025,-1.063742852,420
1.545628137,-1.908868694,420
0.243450352,1.023965989,420
0.335384222,-0.30764777,420
1.704389457,1.017214258,420
0.268789129,2.950703599,420
0.562492991,1.119302367,420
0.446645252,0.246517366,420
0.572186962,-1.859496743,420
0.608200711,1.429896512,420
0.468623152,-0.082983804,420
-1.721126018,-0.8659521,421
-0.843509805,1.145636872,421
-1.453102003,0.170081625,421
-1.185923941,-1.003207366,421
-0.499145848,-0.048082908,421
-1.685365145,-0.402907842,421
-1.724345776,0.098671728,421
-1.708343914,-0.315968171,421
-1.325962203,0.303865329,421
-0.69997914,-1.09389777,421
-0.68095565,-0.838015508,421
-1.155337664,-1.709766137,421
-1.488115233,-0.717798987,421
-0.895340038,1.636178445,421
-0.705305229,-1.217188466,421
-1.01547977,-1.829970302,421
-0.807346409,0.798210165,421
-1.319294228,-0.839530766,421
-1.861829005,-2.056651565,421
-2.736311503,0.271921549,421
-1.395488925,0.233261937,421
-0.676319118,-0.842902182,421
-1.398871909,0.997821779,421
-0.898292155,0.496642634,421
-1.710413811,0.04210879,421
-1.189662217,-0.915121414,421
-1.676698039,0.967199726,421
-1.95385131,0.224852879,421
-0.263718576,-0.942636946,421
-1.590378395,-1.573364545,421
-0.848438765,0.328519954,421
-1.573749432,-0.00541574,421
-1.825667109,-0.286928401,421
-2.044996434,-1.226462652,421
-0.737620462,-0.848880671,421
-1.409399243,0.133958463,421
-0.15115149,2.257480693,421
-1.027816533,0.535146078,421
-1.307879311,-0.937006284,421
-1.442034225,0.118332785,421
-1.690632124,-0.019667673,421
-1.360533861,0.135847722,421
-1.164461603,0.248017389,421
-0.736686475,-0.488785182,421
-1.632949121,-1.28880949,421
-1.28649077,0.93484695,421
-1.972910731,-0.500164652,421
-0.799028558,-1.187085448,421
-0.940929987,1.428904282,421
-2.35451363,-0.539521706,421
-0.062618179,0.383046019,422
1.19996319,1.108668599,422
0.032838018,0.007119209,422
0.3434111,-0.323722107,422
0.522365561,-0.342975453,422
-0.802516676,-0.558762962,422
0.035934983,-0.381215227,422
0.035478091,-1.616195706,422
0.520187602,-0.06662785,422
1.161313213,1.52153648,422
-0.22409501,-0.477464486,422
1.217909051,0.568940728,422
-0.647981592,-0.926237346,422
0.098801263,0.38321358,422
1.770397035,1.367840513,422
2.551943969,0.31364031,422
0.487850992,-0.115555825,422
-0.174618304,0.169952306,422
0.565395528,-0.345344578,422
-0.233743497,-1.466384599,422
1.386347219,1.406347959,422
0.570405472,1.241076988,422
-1.280727515,-0.81968696,422
0.315127592,0.41437471,422
1.291799451,1.402604302,422
1.072536223,0.384841207,422
0.428194782,0.894231806,422
1.358447564,0.510959716,422
0.330463873,-1.813431999,422
0.948701437,0.208910462,422
-0.045916559,0.236393609,422
1.100427969,0.228984976,422
0.828586305,-0.108204903,422
-1.370319474,-1.494605579,422
0.246362975,-0.576934149,422
1.082277032,0.581475573,422
-0.344321398,-0.715791592,422
-0.163037244,-0.794945374,422
-0.896402333,-1.945332357,422
0.641185295,1.141530974,422
-0.982180805,-2.386832455,422
-0.627129348,-2.050637513,422
0.828346356,0.551976085,422
0.543127049,-0.380922133,422
-0.917375656,-2.145238683,422
1.118668435,0.754333223,422
-0.470060847,-0.218794979,422
0.390717532,0.613794841,422
0.970078722,0.472091876,422
0.386798208,0.790374676,422
0.917243627,-0.974144561,423
0.477222913,-0.787918037,423
-0.717085815,-0.829436008,423
-0.434535862,-1.12299759,423
0.7769973,0.163767978,423
0.618430411,0.700224561,423
2.126681755,2.324190682,423
0.176591208,-1.977451846,423
0.177125847,0.225285278,423
0.368690284,0.322247531,423
1.060615499,-0.223680435,423
0.320032398,-1.222653973,423
0.443918568,-1.256054366,423
1.897055242,1.843051627,423
0.946886752,1.121569124,423
1.051794663,0.343679223,423
0.174268076,-0.384704588,423
0.822466416,0.863337848,423
1.180997848,0.379842327,423
0.487758026,0.727457577,423
-0.266400692,-0.112220282,423
1.698514448,1.129508235,423
0.236914576,-0.401672597,423
1.21647238,-0.40002072,423
0.615157054,-0.209253838,423
0.835864616,-0.040171698,423
0.865279873,-0.675218615,423
1.026332477,-0.803740011,423
1.581940974,0.618903145,423
-0.379599625,-0.825009968,423
1.333745226,-0.04344945,423
-0.612573078,-1.203019284,423
0.415121171,-1.157453991,423
-0.104272752,-0.635588854,423
2.533994425,2.522754537,423
0.391874265,0.075675526,423
0.820368056,-0.52852687,423
-0.274125092,-0.949286631,423
0.080663048,0.827218347,423
0.968281262,-0.691829358,423
0.052920812,0.091978024,423
1.577712089,1.020979842,423
0.189070768,-0.386300876,423
1.879752891,0.649920545,423
0.722727338,0.434235037,423
-0.244612594,-0.188583724,423
-0.989784097,-2.184119318,423
0.545394492,-1.435720632,423
-0.361891463,1.482054736,423
0.439828446,-0.064395302,423
0.022277067,0.330154853,424
0.098661782,-0.238461697,424
-0.536999405,-1.017963654,424
-0.307125833,-0.226027601,424
-0.116824758,-0.354834706,424
-0.220996618,-0.737200427,424
0.338050571,-0.13758437,424
-0.45378792,-1.609603832,424
0.182662607,0.878612791,424
-0.181864402,1.35701666,424
-0.053700844,1.953529663,424
-0.384005977,-0.351373369,424
0.444308461,-1.288014646,424
-0.494903493,0.380923739,424
-0.636603768,-0.067770714,424
0.85928361,1.098738111,424
-1.169117838,-0.582227917,424
-0.673286652,-0.430702144,424
0.292297606,-0.875283964,424
-0.588835533,-0.635194664,424
-0.078166533,0.409410311,424
-1.270269288,-1.821398677,424
-0.716915436,-0.359523663,424
-0.296539649,0.276377418,424
-0.939031351,1.622292067,424
0.009296672,-0.46464266,424
-0.58066002,-0.992104689,424
-0.556877314,0.01167139,424
0.374050017,1.376169063,424
-0.118109358,0.200532781,424
-0.357671826,-1.272977448,424
-0.677651141,-1.270623682,424
-0.228138676,0.758509876,424
0.470948398,0.826103728,424
-0.207141496,0.928252554,424
-0.396039896,1.003050543,424
0.298112732,1.4237372,424
-0.629831997,0.37035241,424
-0.485400434,-0.389178606,424
-0.662228721,-0.553059818,424
0.034177163,-0.898475944,424
-0.857802441,-0.582342542,424
0.144644478,2.067654257,424
-0.749105533,0.407618533,424
-0.264208501,0.758282359,424
0.034276923,-1.017280464,424
-1.22720157,-0.840935629,424
0.920727628,2.811533924,424
-0.720860447,-0.475188339,424
0.130826323,-0.22715721,424
-0.479250634,0.688366926,425
0.65237827,-0.511430681,425
-0.051121489,0.320829996,425
-1.035586733,1.75979365,425
0.150487657,-1.585597448,425
-0.436955301,1.273241301,425
-0.778991387,-0.188410626,425
0.98148171,1.177564934,425
0.586074959,-1.493813446,425
0.112228745,0.221371488,425
-1.056311965,0.365413123,425
-0.308301258,-0.218880165,425
-0.442182091,-0.318239599,425
0.027010943,0.159335705,425
0.449530433,-1.150000479,425
-0.37646219,-1.257754927,425
0.082342033,0.249631671,425
-0.439312675,-0.406847886,425
-0.571539761,-0.249744171,425
-0.680143516,0.420090246,425
0.207841384,-1.079560859,425
-0.190500881,-1.471281819,425
-0.541946456,1.592458041,425
-0.836241295,0.580343311,425
-0.599093091,-0.972771985,425
0.387620549,0.694078918,425
-0.273063334,-0.053603748,425
-0.616506531,-0.736445026,425
0.62411702,-1.186300114,425
-0.123640273,1.299613073,425
-0.12996179,1.266411082,425
-0.400500584,-0.090794793,425
-1.149931296,-0.245267235,425
-0.913440208,-0.507646531,425
-1.195476285,-0.140394946,425
-0.466286683,-0.604212935,425
-1.564960604,-0.012453098,425
-0.398311419,-1.246998911,425
-0.180071843,-0.432673459,425
-0.054397148,-1.854062944,425
-0.186426098,-0.598152436,425
0.675268248,-0.966253647,425
-0.398462541,-0.591102038,425
-0.552850979,1.459183333,425
-0.059881951,1.784780247,425
0.071144034,-0.369820565,425
-0.742186024,1.164525602,425
-0.728768146,0.00731292,425
-0.317045763,1.270185934,425
0.261788558,-0.31187135,425
-0.947268597,0.083525977,426
-1.072583821,1.427200082,426
-0.135183931,0.304086806,426
-1.486353809,0.969491405,426
-1.725916255,1.943562636,426
-0.007885585,-0.106583009,426
-1.102723458,0.403119583,426
0.565382699,-1.552346867,426
-1.153755491,-0.441727338,426
-1.425125306,0.171656316,426
-0.080155088,0.318164227,426
-2.584694666,1.596501954,426
0.262982909,-0.793769281,426
-0.14819164,0.46351038,426
0.698193233,-1.444541368,426
-1.114603855,0.379987555,426
0.920479253,-0.54234285,426
-1.085292954,1.330902605,426
-1.020532073,0.662554816,426
0.10036552,-0.485738795,426
-1.272184987,1.242327591,426
-0.668298959,0.886032614,426
0.394395731,-0.647662976,426
0.161399646,-0.324580188,426
0.129949751,-1.182018137,426
-1.732633575,1.247282294,426
0.550992197,-0.294764374,426
0.531076932,-2.14826324,426
-0.340088947,-0.030497422,426
-0.791210092,0.831112931,426
0.10387897,-0.49801288,426
-0.956768469,-0.255677202,426
-0.476845194,-0.957345586,426
-1.301726962,-0.437468465,426
0.576133362,-1.221945761,426
-1.587587053,0.731009762,426
-0.416268405,-0.065118696,426
-0.099855789,0.162214963,426
0.386914307,-0.923813097,426
-2.306122529,2.154575074,426
-0.24636894,0.470270523,426
-3.512824072,2.497967481,426
-1.595086262,1.056619469,426
-1.057098565,0.246521035,426
-0.777298222,0.717502092,426
-1.403836161,0.011284058,426
0.798989083,-2.298475094,426
-0.891893115,0.747008311,426
-1.364652556,0.986081053,426
0.077333834,-0.191747336,426
1.766945107,1.689766228,427
-0.904522114,-0.66285742,427
2.63954922,1.733333867,427
-0.240244579,0.190842579,427
1.186429098,1.402608522,427
0.610425901,0.512629715,427
-1.914844752,-0.939001382,427
0.294340465,1.33169256,427
-0.415132581,-0.620208484,427
0.13180691,0.047699935,427
0.972966592,1.397022899,427
2.175724606,1.226947603,427
-1.330652424,-0.910300836,427
0.14345572,0.104268008,427
2.160411883,2.058267137,427
-0.293300602,0.046170181,427
0.372828869,-0.300670319,427
0.491157776,1.232356944,427
1.46564182,0.510781677,427
-2.823119025,-1.567713238,427
0.128636342,-0.243123828,427
1.355500249,0.591183785,427
-0.231609588,-0.191148866,427
0.406514146,0.491957868,427
-2.593355344,-2.016887992,427
-2.263462815,-1.60675516,427
1.472289756,0.430513171,427
0.96173576,1.322769316,427
0.310979366,-0.014481054,427
-1.526045868,-1.948623476,427
-0.058567175,0.037378788,427
-0.314489229,0.215866864,427
0.995264163,0.887388145,427
-0.805824586,-0.484276801,427
1.216050829,0.04016663,427
-2.459650983,-1.445974686,427
-0.973666648,0.274829241,427
-1.726237556,-0.978533243,427
-0.788983118,-0.493303203,427
-1.267389614,-0.530054522,427
1.086909229,0.277040343,427
-2.857808548,-1.175274116,427
-0.139623598,0.329252909,427
-0.510978083,-0.384451721,427
0.535928342,-0.230266896,427
-1.688496955,-1.186466082,427
-0.090056617,-0.388981826,427
-1.975052214,-0.986223002,427
1.956067335,1.319313583,427
1.395065323,1.126506726,427
-0.184218692,0.132743631,428
0.419312446,-0.178590521,428
-0.123946801,-1.768154214,428
-0.279117499,-0.599807446,428
0.09361116,-0.092452087,428
-0.530376419,-0.198620259,428
0.408945692,-2.244726821,428
-0.523679505,-0.231802027,428
-1.276773869,0.836319478,428
-1.371437305,1.148191616,428
-0.403259903,0.750739909,428
-0.391185105,-0.37471695,428
0.500026658,-1.092261385,428
-1.372395849,1.201428528,428
0.150837636,-0.12513682,428
-0.357658211,0.854151578,428
-0.184944133,0.462666173,428
0.293226511,-0.98180786,428
-0.493837209,-1.166878378,428
0.462618878,-1.756074179,428
-1.395602315,0.984542404,428
-2.50127933,1.027262958,428
-0.736301507,1.014635763,428
-0.037151567,0.857887841,428
-0.998882432,0.704539353,428
-0.95611861,0.394500068,428
-1.801995692,1.622720678,428
0.126625168,-0.739004776,428
-1.251399671,0.8938789,428
-1.324646429,1.679679956,428
-0.49358668,0.116371082,428
-0.201384672,-0.389821874,428
-1.56837623,2.073684908,428
-0.067160856,-0.074650405,428
0.825038541,-0.559415011,428
-0.373277365,-0.18451414,428
-0.211374575,-0.842111129,428
1.077169416,-2.344468474,428
-0.380187919,-0.896165222,428
-0.371263551,-0.221304729,428
-1.21453855,2.133149946,428
0.334232406,-1.556920128,428
-1.047011711,2.165743862,428
-0.405206482,0.268334418,428
-0.47859783,-0.558772545,428
-0.313662996,1.150997214,428
-0.583437559,0.420981823,428
-1.069078471,-0.376409212,428
-1.571827842,-0.202952352,428
-0.060778303,0.170994743,428
-1.103270343,-0.866726998,429
-2.472022203,0.486833683,429
-0.498595227,-0.311814884,429
-1.354252471,0.314983705,429
-1.471452823,0.978222882,429
-1.964609799,2.279728446,429
-1.664581586,0.178216112,429
-1.180884627,-0.164409451,429
-0.948845254,-0.306412341,429
-1.500917908,-2.07239992,429
-2.173441838,-0.503088709,429
-1.87591576,1.237854497,429
-2.535536968,-0.144587788,429
-1.947152202,-0.379267215,429
-1.011807728,-0.78892572,429
-1.219347615,-0.948239561,429
-2.269268181,0.741521926,429
-1.521503467,0.575967068,429
-1.261095678,0.23321326,429
-1.318889091,-0.868200057,429
-2.101934101,0.587815025,429
-1.801976745,1.267464801,429
-1.028678838,-0.260165017,429
-1.59756447,1.220231658,429
-2.188477558,1.606027013,429
-1.659518281,-0.528458441,429
-0.819839064,1.266118056,429
-1.735739498,-0.295276305,429
-0.728391971,0.251646932,429
-1.903398271,1.541753958,429
-2.020168465,-0.449037487,429
-1.792429333,-0.74685089,429
-0.140683802,0.677096433,429
-2.353736212,1.400057553,429
-2.479310767,1.053143533,429
-1.166840938,0.82167413,429
-0.957837247,-0.663230265,429
-1.38180579,0.690582109,429
-0.89547207,0.269008475,429
-1.593612368,0.603309873,429
-1.470380593,-0.027524884,429
-1.529207693,1.214802882,429
-0.638809453,-1.182531529,429
-1.545215033,0.87868505,429
-1.794215744,-0.803316515,429
-1.299123942,-0.187232356,429
-1.003877171,-1.581928139,429
-1.165042524,-1.770563264,429
-0.872138658,0.148152836,429
-1.540275676,-0.847020419,429
-0.942423741,-1.620777115,430
-1.176790714,0.407942789,430
-1.247210039,-0.302071685,430
0.350822361,-0.027991419,430
-1.039712799,-0.547543917,430
-0.161999934,-1.549814126,430
-0.934110712,-0.222188315,430
-0.521707446,0.131950881,430
-2.019122651,0.483228531,430
-1.174617263,0.188305676,430
-1.193742115,1.125042397,430
-1.892712893,1.442417954,430
-1.342940031,-0.269758083,430
-0.967223027,-0.532749276,430
-1.668622531,-0.379723753,430
-0.210512492,0.159555115,430
-0.0890203,-0.78229112,430
-0.907533992,0.232797474,430
-1.49175798,0.921428592,430
-1.897678827,1.623071148,430
-2.507645847,-1.238886446,430
-0.533619759,0.406176821,430
-1.709190536,-0.770504412,430
-1.867901462,-1.272139249,430
-1.507214877,0.086008734,430
-2.334470242,1.10464472,430
-1.248488018,-0.672908176,430
-0.757594177,0.425465382,430
-1.043248242,0.103018893,430
-0.713879388,0.698619175,430
-0.880761939,-0.637966362,430
0.083186383,-0.428753316,430
-0.907380659,-1.240923044,430
-0.855334066,-0.464142328,430
-1.435230022,-0.516597257,430
-0.971898471,-0.136043202,430
-0.852253354,-0.305540454,430
-1.688679577,-0.688667177,430
-1.343694535,-2.279015539,430
-0.893717454,-1.09107178,430
-0.516866465,-1.010023538,430
-2.487885178,0.852344609,430
-2.048236867,0.090673603,430
-1.065246155,0.630724874,430
-1.276730975,-1.17501864,430
-0.676120941,0.945362201,430
-1.47881414,0.026205267,430
-1.071999544,-1.309706724,430
-0.861742091,-0.016899244,430
-1.544594881,-0.491222095,430
0.124801748,0.50503648,431
-0.265095666,-0.009192278,431
0.312650644,0.841248781,431
-0.305357058,-0.277454787,431
-0.21586577,0.17518101,431
-1.595376727,-0.833829355,431
-0.589095418,-0.799878427,431
-0.397880846,0.217461314,431
0.082140379,1.245876524,431
0.131902383,0.313080933,431
-2.116009212,-1.44666912,431
-0.312570546,0.304846015,431
-0.165664286,0.888737116,431
-1.677529771,-0.606544784,431
-1.269234607,-0.492825952,431
-0.693400626,1.355221136,431
-0.648681599,-0.119858891,431
-0.737738151,0.853072468,431
-2.232647771,-2.07716681,431
-1.629663287,-0.588319342,431
-1.35502049,-0.205962585,431
-0.40854296,0.17837381,431
-0.308214373,0.079807268,431
0.601820571,0.460484513,431
-1.3390008,0.116807763,431
-0.328933265,1.178166041,431
-2.325528997,-1.610698532,431
-1.965010015,-1.882767304,431
-2.018303974,-1.615812555,431
-0.391857173,0.807331629,431
-0.319671578,0.388957325,431
-0.41273015,-0.066962736,431
-0.943368679,0.653284909,431
-0.824166524,-0.022085452,431
0.074806317,1.206941049,431
0.395201037,0.589299624,431
-0.253607975,0.653024066,431
-0.342754884,-0.388285991,431
0.000710539,0.688930729,431
-0.098744771,2.198502312,431
0.014736961,0.069152682,431
-0.229101469,1.149620749,431
-0.624763455,-0.135654276,431
-0.076844872,0.117111464,431
1.090168253,2.669111948,431
-0.634624465,0.18863984,431
-0.929952164,0.302075994,431
-0.866124291,-0.211524478,431
-0.566966747,-0.279590249,431
-2.009474509,-1.371665471,431
-0.203535828,0.742420482,432
-0.425430518,0.787498078,432
1.392741258,-0.828542833,432
-0.255888075,0.469337401,432
-0.201438334,-0.742364672,432
-0.70502562,1.979654597,432
1.314561214,-0.776905777,432
0.530857861,0.784249468,432
0.068300125,1.244230426,432
0.192779044,1.718186191,432
1.49254311,0.461492282,432
0.701217025,-0.533862882,432
0.77033803,-1.17480611,432
0.065319381,-0.34800124,432
0.968556124,-1.468829051,432
-0.340555379,1.940699223,432
0.282583496,0.575298352,432
1.024640192,-0.210956018,432
0.192105299,-1.551089545,432
-1.02281743,1.807637559,432
0.880567957,-0.51648948,432
1.201270504,-2.639686726,432
0.743933617,-0.878996922,432
0.960778678,-1.430624348,432
0.947976704,0.833295768,432
0.24015613,1.053564943,432
0.386851272,0.038885871,432
1.329715172,-0.234188358,432
1.980197324,-2.737823839,432
1.015961672,-0.701890314,432
-0.187887458,0.939547721,432
0.874975239,-0.814631961,432
-0.117926166,1.172197123,432
0.449356523,-0.080780496,432
0.46973909,0.252571673,432
0.195934648,-1.20913568,432
0.918483806,-0.101475002,432
0.3814644,0.508816321,432
0.672766285,0.109579726,432
1.605107111,-1.134113369,432
0.671096513,-1.298747886,432
-0.502683478,1.226101699,432
-0.496056435,0.677419923,432
0.133445198,2.520943598,432
1.093824163,-0.573969485,432
0.256362221,0.429945536,432
1.038293903,-0.593258512,432
-0.358867853,0.035430964,432
-0.956091331,1.369104653,432
-0.905260209,1.187174505,432
0.036934498,-0.61808327,433
-0.447934969,0.012982737,433
0.084686299,-0.128657436,433
-0.041862086,-1.349587606,433
0.099763668,-0.217738123,433
-0.067724645,0.021936795,433
1.279039434,1.277259483,433
1.076486775,-0.603646052,433
0.524567961,0.745634176,433
-0.388837879,-0.590605811,433
0.364714637,-0.418714841,433
0.921300212,1.589304225,433
0.268108282,-0.07330089,433
-1.102806772,-0.784801505,433
-1.057549991,-1.059738789,433
0.243005381,-0.120728348,433
1.023358523,1.973309949,433
-0.205093874,0.075247327,433
0.309712657,1.156062295,433
-0.24305775,-0.860514962,433
0.714104195,0.833109554,433
1.162621943,0.206479325,433
0.556249249,-0.01361804,433
-0.780959576,-1.920717363,433
0.346762428,0.770490759,433
1.444171652,1.544296818,433
0.048217377,-0.929629946,433
-0.402705212,-0.143131144,433
0.669699469,1.50563268,433
-0.969170478,-1.287924365,433
0.970382749,0.174126987,433
0.277432136,-0.124749049,433
-0.805648353,-0.494051015,433
0.115806735,0.664800331,433
0.668095388,-0.157007519,433
-0.109631867,0.988515325,433
-0.004754133,-1.876644317,433
0.203232927,-1.121445295,433
-0.869444431,-1.620578751,433
0.41588894,0.461818476,433
1.362481182,0.708669072,433
0.119625903,-1.503868857,433
-0.440379981,0.440314494,433
0.579821459,0.844356145,433
0.921197809,-0.703525332,433
1.01229137,1.729330241,433
0.417727239,-0.049577335,433
-0.023847859,0.515864277,433
0.052791837,-0.531647935,433
0.221400122,-1.027061004,433
-0.888725884,-0.583288813,434
-0.729174933,1.394395174,434
-1.371047318,0.159262843,434
-0.196175678,-1.643561122,434
-0.837684956,-1.157284015,434
0.184521433,0.722416277,434
0.22165098,0.027469367,434
-0.110830029,-1.712173149,434
-0.400260997,-0.871484111,434
0.267235575,0.411877373,434
0.080988441,0.215208541,434
-1.914149436,-2.270311782,434
-0.280910645,1.273438687,434
0.468423422,0.579051758,434
-0.221791212,1.16425519,434
-1.109776383,-0.104251142,434
0.25130648,-0.447854503,434
-0.831906875,-1.384210346,434
-0.370402882,2.02795632,434
-0.889506215,-0.22633665,434
-1.075014047,0.319327499,434
-0.582601383,-0.510178279,434
-0.517830564,0.69429241,434
0.14882067,-1.0367457,434
-0.537143383,-0.396638079,434
-0.279749302,-0.667136307,434
-0.574144743,-0.099424843,434
-0.013753802,0.642404287,434
0.049920499,-1.445516964,434
0.345411309,2.142584905,434
-1.25599019,-1.445780792,434
-1.385973042,0.752904575,434
-0.868066167,0.803489553,434
0.72568527,1.00139323,434
-0.658054369,-0.574264702,434
-0.118480902,1.358005678,434
-1.065853574,-1.043229062,434
-0.843669634,1.297175348,434
-1.352917327,-3.603294108,434
-0.756876023,-0.833948099,434
0.340015146,-0.102356462,434
-0.719465913,-0.105789621,434
-1.431718984,-0.447649565,434
-0.691317012,-0.088649113,434
-0.629798731,0.627552182,434
-0.209313677,-0.195425567,434
-0.75920202,0.101009703,434
-0.845692345,-0.672162985,434
-0.970267039,0.011128563,434
-0.387114039,0.013539769,434
0.529106375,-1.490726907,435
-1.517986803,-3.174750091,435
1.112007258,-0.193552475,435
2.12998712,0.2492503,435
0.161641039,0.897175681,435
0.245849673,-0.193908633,435
-0.157475849,-1.675929176,435
0.924444304,-0.144614392,435
0.218964477,-0.534388776,435
0.440078096,-1.571885469,435
1.279245566,0.443867959,435
0.355702757,0.394487122,435
0.018149784,-0.554028762,435
1.15306817,0.729545718,435
0.74516973,-1.864497715,435
1.606984388,-0.335186791,435
-0.225320482,-1.163084489,435
1.245455729,-0.80169346,435
1.863498344,1.192651382,435
0.170244763,-0.806850196,435
1.08814577,0.978221962,435
2.212840246,0.927569543,435
0.692891619,-1.066824005,435
0.227858134,0.015875419,435
1.970965159,1.124803874,435
1.227310965,1.13277017,435
1.766507947,0.961532773,435
1.342337928,0.576001398,435
2.395420905,2.36100454,435
1.777910751,0.338783386,435
0.095328505,0.269010165,435
1.349862574,1.413913644,435
-0.223254199,-0.307853261,435
0.541426361,-0.835822853,435
1.750520565,0.760234736,435
1.89375627,0.616753444,435
1.403686834,0.325284777,435
0.217569816,-0.099600601,435
1.739267995,0.811938192,435
2.401521831,-0.033211948,435
1.49156354,0.578579981,435
0.852755445,0.162654398,435
1.256504812,0.561149402,435
1.408026016,1.503738802,435
0.172031892,-0.515779233,435
3.200873979,2.292706052,435
0.334378231,-1.085817231,435
0.516168449,-0.426220009,435
0.56171417,-1.517064699,435
1.671400151,1.138778634,435
0.702438476,0.367248399,436
0.889723943,-0.187863392,436
0.06330575,1.760104586,436
-0.037473931,-1.15065309,436
0.867465572,-1.276351975,436
-0.832753153,0.796594242,436
-0.662323041,0.13126141,436
0.631026658,0.485547646,436
0.092016868,0.840656877,436
0.563272875,-0.930116483,436
-0.029797692,0.38042275,436
0.292388665,0.973696581,436
0.320747288,-0.58083198,436
0.088691314,0.238644851,436
0.89387465,-0.431939479,436
0.118757806,-0.171051458,436
-0.241443162,1.131182969,436
0.342726651,-0.839241501,436
0.620056177,-0.313018051,436
1.091840442,-0.541119223,436
0.498617609,-0.564281654,436
-0.535214778,-0.13490791,436
-0.446148351,-0.004094036,436
-0.508020177,-0.407348406,436
0.528110565,0.076548167,436
0.337664164,0.221802615,436
0.070613368,1.476671053,436
0.876489453,-2.397332028,436
-0.456560082,-0.18997712,436
0.305070611,-0.727454454,436
0.970114411,-1.271784586,436
0.209334135,0.866675081,436
-0.473125948,0.461870835,436
0.794512933,-0.593211168,436
-0.0078941,-0.222074273,436
0.916355642,-1.484667914,436
-0.472031106,-0.657847405,436
-0.746555742,1.083662877,436
0.533052889,0.361885194,436
-0.372966574,-0.187434937,436
-0.489578281,0.053151258,436
0.320837568,-0.028705693,436
0.601741958,-0.990200103,436
0.224720554,0.429921851,436
0.612074129,-1.239016413,436
-0.434266883,-1.237595737,436
0.15248016,0.265329047,436
-0.149654658,-0.70440779,436
-0.108986181,0.445328468,436
0.588299595,-0.01625273,436
0.545992041,-1.30665396,437
-0.062582111,-0.015217092,437
1.069125925,-1.585027484,437
0.771883,-0.305672666,437
0.168687196,0.319337169,437
1.027162619,-0.265205392,437
-0.040128707,0.195496657,437
0.034445293,-0.780582432,437
-0.854357652,0.668090945,437
0.172937563,-1.211285893,437
0.821427275,0.263763949,437
0.345454232,0.150250689,437
-0.040745952,0.203920928,437
-0.50860086,1.180291147,437
1.331916082,-1.07067344,437
-0.041948154,0.775896843,437
0.631189323,0.520465165,437
-0.990083288,0.581830311,437
-0.449803294,0.122973303,437
0.071755568,1.187811806,437
0.24047605,-0.385204906,437
0.552809346,0.84918047,437
0.896853743,-1.232490139,437
0.388733583,-1.13892712,437
1.219355729,-0.936186437,437
-1.464204803,2.808300236,437
-0.700469764,-1.825354022,437
-0.062284849,0.156845685,437
1.080887866,-1.026165418,437
-0.220275472,0.952270961,437
1.029963175,-1.354326904,437
0.337227893,-0.386387553,437
0.428359728,-1.693098596,437
-0.05719863,-0.778525851,437
-0.833368041,0.82787781,437
-0.960655633,1.330493179,437
0.167043594,-0.566737961,437
0.814757405,0.099489193,437
0.66830526,-0.039137151,437
-0.869967116,-0.027012712,437
-0.188407169,-0.351713977,437
0.078753028,1.237743931,437
-0.298381539,0.268201556,437
1.544264174,-1.574563424,437
-0.439041169,0.13758765,437
0.193784006,0.099580013,437
0.157569089,0.902526103,437
-0.209845851,0.237447543,437
-0.400880163,0.337474993,437
-0.610870511,1.153235778,437
-0.001518718,-0.686182224,438
-0.913209189,-1.526762895,438
0.360508215,0.474975047,438
0.468343285,0.869894549,438
0.511290699,0.666799166,438
-0.7376192,1.189205416,438
-1.227203951,-1.462786384,438
0.520368137,-0.071643622,438
-0.48217655,-1.238316658,438
0.710845141,0.000492275,438
0.844696227,0.127019504,438
-0.305911257,0.26452642,438
-0.794717476,-0.041317685,438
-0.751634306,-0.033336539,438
-0.935980837,-1.149789032,438
-0.735986329,-1.117700029,438
1.047268586,0.978654597,438
-0.732592192,0.272934716,438
0.703787965,1.052950463,438
-0.951601603,-0.145766581,438
-0.01164639,-0.527539633,438
-0.143166927,0.362383595,438
0.022379219,0.323489969,438
-0.038205908,0.064844728,438
-0.459133148,0.519221218,438
0.322605171,-0.985359052,438
-0.623276152,-2.610574968,438
-0.367593476,1.791152033,438
-0.442307624,-2.651349863,438
-0.21962018,0.227172223,438
-0.119485267,1.032594465,438
-0.075705773,-0.666923964,438
1.038209053,0.490528914,438
0.462684059,-0.192168324,438
-0.644469046,-0.520444219,438
-0.123311033,0.982147269,438
-0.111393911,0.873587799,438
-0.426670848,-0.271586764,438
0.228494906,0.691261721,438
-1.208326731,-1.647588789,438
-0.225547739,1.547563047,438
1.05565165,-0.710172886,438
-0.866535709,-1.569655643,438
0.649782516,-0.346137665,438
0.665179918,2.141232174,438
-0.242611729,-0.13584625,438
1.178405515,-0.118257401,438
-0.701764401,-1.04101032,438
0.316384691,0.850006975,438
0.806792761,0.150345805,438
0.323139944,-1.020403573,439
-1.266887802,-0.760720469,439
-4.330748655,2.308892986,439
-2.26697608,1.178898979,439
-0.174086626,-0.741446584,439
-0.689294009,-0.444926533,439
-1.097864336,0.178938783,439
-3.218192218,1.678755931,439
-1.69702413,0.714920774,439
-1.384410868,0.493202207,439
-2.518727566,-0.033528884,439
-1.602321593,0.61320611,439
-0.504232741,-0.362007642,439
-2.126210029,0.436348604,439
-0.856331668,-0.216587109,439
0.24378945,-1.475812643,439
-2.354287325,0.0814019,439
-0.262801253,-0.505139865,439
-1.776570293,1.055599702,439
1.072318448,-1.553463032,439
0.083286323,-0.996383686,439
0.913112514,-2.05931345,439
-3.237824966,1.304634126,439
-1.728418653,0.140767584,439
-0.859068088,0.038386255,439
-1.934836757,0.38731516,439
-2.173068698,0.534135403,439
-1.164675676,-0.092343309,439
-2.185440941,0.32632647,439
-0.307408089,-0.498871367,439
-3.643316972,1.670213092,439
-3.619953976,1.743152645,439
-0.398504941,-1.008347725,439
-2.391764178,0.772129741,439
0.511869088,-1.426073711,439
-0.470910024,-0.789498657,439
-2.439851485,0.676453326,439
-2.550672286,0.292356542,439
0.158713806,-1.047710588,439
-0.35502443,-0.585956913,439
-2.394250992,0.593648937,439
-0.888419811,-0.417547143,439
-2.966286792,1.090577406,439
-2.404618872,0.463721839,439
-1.320001092,0.579230759,439
-1.835987879,0.760932006,439
0.265116891,-0.212366712,439
1.411013322,-0.954760598,439
-3.653165253,1.114734049,439
-2.85127575,0.812798762,439
0.212872675,0.748658061,440
0.42751741,1.473284055,440
0.237705603,0.158238659,440
0.001825641,1.074502255,440
1.096332612,1.419902273,440
0.719688172,0.44913291,440
0.033535447,1.195100213,440
2.17644085,-0.672745319,440
0.627422342,-0.264655126,440
1.20031509,0.724140634,440
1.060750347,-1.474367013,440
1.319215218,-0.839600129,440
1.238873957,0.077082968,440
0.750074339,0.688736815,440
0.107819225,1.890266193,440
1.770244165,-1.804677328,440
1.352434259,0.823250046,440
1.416938857,0.328272298,440
1.705014681,-0.126562437,440
0.656084995,0.189228616,440
-0.568064915,2.193028403,440
1.313467878,-1.984695597,440
0.879824193,-0.413660378,440
1.100693439,0.062788371,440
-0.046719555,-0.509029447,440
0.21565779,0.114364763,440
1.010655536,-2.015527206,440
1.433010844,-0.362464067,440
0.226665385,0.235159901,440
0.526264065,-0.42085957,440
0.070828544,-0.444823717,440
0.00520531,0.547152611,440
0.400962235,0.180307459,440
1.83232956,0.126743321,440
0.766019229,-0.409734931,440
0.483850695,0.347387004,440
0.995395799,-0.321940616,440
0.38734176,0.917079023,440
2.030479183,-0.41399009,440
0.763007088,0.822362527,440
1.972144727,-2.387521582,440
0.643094996,-0.319406777,440
0.839964463,-0.257801829,440
-0.03656967,0.545078384,440
-0.129586828,0.053567707,440
1.029198683,0.886149216,440
1.045611321,0.708511172,440
0.622662605,-0.143277373,440
0.707383095,0.231637638,440
1.417260825,-0.706725349,440
-2.571538118,1.270179588,441
-0.659795656,-0.264318152,441
-0.666753197,-0.017756476,441
-1.160161255,0.009698447,441
-0.178905017,-0.286567452,441
-0.403732004,-0.011984461,441
-0.595257097,-0.565622433,441
-1.363490397,-0.072534456,441
-0.556053363,0.860932689,441
-1.0500847,1.626227044,441
0.014045815,0.454248921,441
-0.843793384,-0.185475898,441
0.170328515,-8.14E-05,441
-1.147657774,-0.325633333,441
-0.347145976,1.667758593,441
-0.366106516,0.447683293,441
-1.873885928,1.431307554,441
-1.662659386,1.287954528,441
-0.434393855,-0.994986347,441
-0.985363261,0.561845459,441
-0.964867618,0.864361521,441
0.240889216,-0.302465839,441
0.397836403,-1.361289809,441
-2.263317403,3.003310506,441
-1.020050373,0.429147389,441
-0.332990718,0.681001111,441
-1.448846214,-0.201078542,441
-0.86117047,1.4606883,441
-1.484256987,1.166351255,441
-0.514454049,0.484812247,441
-1.034810942,1.801220517,441
-1.270218875,0.354569316,441
0.153631551,-0.586613683,441
-2.016856913,-0.065045278,441
-1.156564154,0.449789325,441
0.185396698,0.011069151,441
-1.496552006,1.987102259,441
-0.432345536,-0.944734061,441
-1.340481768,0.493078354,441
-0.790853436,0.556364048,441
-1.491420853,-0.227280429,441
0.814187686,-1.781554517,441
-0.54142659,-1.11692934,441
-0.613906248,0.941032703,441
-0.955167878,0.369341678,441
-0.824083113,-1.203628131,441
-0.825630796,1.564908751,441
0.485760945,0.12121819,441
-1.076170753,-1.214129778,441
-0.897876234,-1.23142815,441
-0.13038846,0.985268128,442
-0.665362222,0.37198022,442
-2.310837388,-0.482985838,442
-1.137568076,0.814052256,442
-1.676234072,0.693488644,442
-0.913473788,-0.407859195,442
-1.325788937,-0.031243856,442
-1.151941125,-0.575901033,442
-3.679843358,-2.992859514,442
-0.962161882,0.847699269,442
-0.617565664,0.362491296,442
-1.446776604,0.442358142,442
-0.614914527,0.494794709,442
-0.552329698,1.407653313,442
-0.827357789,1.359208649,442
-1.887637925,0.608742399,442
-1.065270143,-0.075210189,442
-0.694124296,-0.939172677,442
-1.488616383,0.783126392,442
-0.648283474,0.300781067,442
-0.585694043,0.30808113,442
-1.134966325,0.20784235,442
-0.516814784,-0.398151393,442
-1.480491148,-0.537451576,442
-0.847372861,-0.586548667,442
-0.609061017,0.277807492,442
-1.20615943,-0.811083232,442
-2.085236379,-2.088786347,442
-2.008385134,1.158021091,442
-2.056175121,-0.520985707,442
-1.012035911,-0.491772007,442
-1.330849351,-0.024158526,442
-0.63097563,0.638970481,442
0.715196143,0.704346153,442
-1.230082064,0.708548346,442
0.002734167,2.989129816,442
-0.892564281,-0.249412208,442
-1.597049976,-0.688489072,442
-1.096650116,-0.319418291,442
-0.912161044,0.158998051,442
-2.46493933,-1.626352643,442
-2.758887649,-2.243362557,442
-0.848147297,0.824755161,442
-1.58776779,-0.778069188,442
-0.069764781,1.084097424,442
-0.201490663,0.155548184,442
-1.349859758,-1.361106857,442
-0.516147843,-0.196277181,442
-0.844346028,1.357184759,442
-1.937866801,-0.889114572,442
0.832831669,1.416333405,443
0.523565199,0.725280007,443
-0.10702082,0.685096377,443
0.187867146,0.287450948,443
1.235713423,-0.496695887,443
0.116884482,0.349916219,443
0.250712062,1.288079048,443
0.204060057,1.390405949,443
0.143439605,0.383022635,443
1.39208162,-1.157256185,443
0.947133281,-0.468346239,443
1.443858787,-0.997738739,443
0.480360127,0.23407389,443
0.9732783,0.18001093,443
-0.437123838,0.735952021,443
0.305645693,-0.84992365,443
0.673264806,-1.041154607,443
0.095772864,0.180604046,443
0.503454484,-0.684459017,443
2.691020076,-2.594822515,443
1.489785958,-0.848121495,443
0.990189737,-0.393087757,443
1.348071705,-0.578664213,443
0.678289856,-0.795565203,443
1.261514544,-0.038830961,443
1.348475287,-0.052907113,443
2.377817065,-0.931414584,443
0.861552406,-0.207465415,443
0.397099091,0.428642197,443
1.018960614,-1.119969014,443
1.324402357,-0.268884898,443
-0.859528268,1.73546075,443
2.155143142,-2.203283455,443
0.635624278,-0.343543323,443
1.064945226,0.226114153,443
-0.042051492,-0.826072757,443
0.698743211,-0.317421715,443
1.193745419,-0.725892104,443
0.837413651,0.622495938,443
0.463242251,0.114140659,443
-0.092632263,0.662962994,443
0.759528887,0.348891546,443
0.149683616,1.743180297,443
0.344361697,0.333623126,443
0.26070215,0.381455383,443
2.149071185,-1.76213694,443
1.535272664,0.019463066,443
-0.682284263,2.304842693,443
0.899929911,-0.134977706,443
1.50013894,0.006712851,443
1.088291205,1.479054224,444
-0.640419609,-0.706916899,444
1.641820472,1.023751725,444
0.698607257,0.362188164,444
-0.107097175,-0.18703365,444
1.328369084,0.11544626,444
0.532544258,-0.611926968,444
0.648445563,-1.028339196,444
0.245987036,0.431018821,444
1.329162862,-0.167775912,444
0.382319901,-0.024760545,444
1.68931474,-0.170106306,444
0.793268673,1.583066588,444
1.188743936,-0.723255069,444
0.665395476,0.014355033,444
0.911628562,-1.302606393,444
-0.240198458,2.347491634,444
0.260777732,-0.096421894,444
-0.518253546,-1.499176865,444
1.361581079,0.228687643,444
-0.659396403,0.695898727,444
0.064300912,-0.565795549,444
1.71936237,0.034525596,444
1.186782873,0.209517534,444
1.157057574,-0.290158082,444
1.027210727,-0.794035069,444
0.73897156,1.460717639,444
-0.146947418,1.336435348,444
1.12944806,-2.554997338,444
0.583910874,1.201321296,444
0.233367591,0.206527466,444
0.319007948,1.659161026,444
1.338929989,-0.343565899,444
0.138133783,0.934792965,444
1.209004504,-0.609161905,444
0.91282801,-1.087530367,444
0.071554987,-1.124962229,444
0.051609507,0.534756475,444
-0.187037322,3.298417283,444
0.989464179,-1.228802039,444
1.230213088,1.083609544,444
0.34881991,1.368188355,444
0.212646419,0.404865652,444
0.49969108,0.18185701,444
0.561850028,-0.114960437,444
1.453525955,-0.39882971,444
0.544077395,2.139097846,444
-0.05274351,0.86784747,444
1.115731849,-0.541621484,444
1.084847032,-1.606867426,444
-1.256573896,0.878752216,445
-1.518386784,-0.704216479,445
-0.437831309,1.554177633,445
0.148662023,-0.150581297,445
-0.887061267,-0.394727564,445
-1.161239289,0.52944899,445
-2.080325982,-1.892126525,445
0.145654379,0.797076415,445
-0.954638601,-0.475837448,445
0.126807593,1.416408896,445
-0.699819845,0.107227502,445
-0.695761869,0.736438607,445
-0.709655586,-1.505440028,445
-0.448080835,0.83688524,445
-1.281010307,0.934379103,445
-0.405567979,0.854030155,445
-1.49629993,-0.247572645,445
-0.841558663,-0.276242769,445
0.191196143,0.997940887,445
0.620224032,1.476925991,445
-1.636919729,-0.773145578,445
-1.658976916,-1.246360714,445
-1.344966917,-0.413357541,445
0.6879104,1.636044001,445
-0.0800012,1.034058601,445
-1.660283182,-0.781825892,445
-1.68643796,-1.497932272,445
0.452425719,0.532787429,445
0.088219791,0.473864902,445
-2.179821478,-1.55329756,445
-0.980557242,-0.955283941,445
-1.420359051,-0.828851743,445
-0.961062113,-1.490884395,445
-0.66067593,-0.264155424,445
-1.970972944,-0.316085539,445
-1.595143461,-0.718655815,445
-0.449223012,0.513209662,445
0.633865616,1.65900781,445
-0.911346523,0.015690417,445
-1.01943933,-0.616161971,445
-1.044300196,-0.477144171,445
-1.121424958,-1.23756596,445
-1.872985216,0.441778631,445
-0.448425983,1.688733182,445
-0.27514952,-0.284692147,445
-1.479735661,-0.973191958,445
0.457476397,2.389219297,445
-0.109719508,0.179249078,445
-2.608188235,-1.231547136,445
0.747330835,1.543929914,445
-0.583641721,-0.329388348,446
0.182286035,-0.326687719,446
-0.427512519,-0.816208735,446
0.308912452,-0.281673283,446
-1.050874693,-0.066765913,446
-0.346925145,-0.35901966,446
0.935373806,-0.177374973,446
-0.517112495,2.385763955,446
-0.469298651,-0.711465056,446
-0.569011954,-1.194312397,446
-0.415362583,1.082807701,446
-0.665105736,0.569560152,446
-0.086847199,-0.378332053,446
0.562029127,-0.16661873,446
-1.345403059,-0.198973629,446
-0.146047655,-1.080150739,446
-0.572037282,-1.830712878,446
0.105236614,-0.34264186,446
-0.857555925,-3.120429388,446
0.078471891,-0.803692285,446
-0.275744832,-0.332494481,446
-0.093841301,-0.531444236,446
0.200626097,1.482030863,446
-0.893148046,0.33074128,446
-0.379501746,-1.176603459,446
0.142588243,0.467189284,446
-1.969570944,-0.635014189,446
-0.352385504,-1.46422199,446
-0.28585577,0.39125785,446
0.458489199,0.85702284,446
-0.382390935,-0.17184869,446
-0.051914595,-0.697609931,446
0.659959745,-1.018569556,446
-0.158972568,-0.269212508,446
-0.060806858,0.927879361,446
0.901390726,-0.007464968,446
-0.569480795,1.129157295,446
-0.420232343,-0.448633738,446
-1.229258878,-0.139248023,446
-0.868829221,1.178264929,446
0.012280329,0.710305585,446
-0.78608179,1.259564466,446
0.134947938,1.523422017,446
-0.299953915,-0.530624573,446
-0.321507388,-0.629168285,446
-0.579616453,0.115698983,446
0.095521082,-0.120726618,446
-0.698520185,-0.432002119,446
-0.404600454,-0.19916419,446
-0.531774775,-0.157361188,446
-0.458468848,-0.402177652,447
-1.997504294,0.061580498,447
-0.363215819,1.442845256,447
0.173059969,0.322929574,447
0.402752584,0.119809833,447
1.079832445,-0.326456336,447
-0.556609977,-1.228191692,447
0.040552663,1.860029806,447
0.463889083,-0.66728658,447
0.1084566,0.662267849,447
-0.316156513,0.1605435,447
-0.434790855,-0.045419833,447
-0.142249558,-1.174928364,447
0.947109555,1.344621066,447
-1.073087899,2.332249731,447
0.036984676,0.634378498,447
-0.322486551,-0.469579508,447
0.083753612,0.253932175,447
-0.008629016,-1.615295528,447
-0.236796879,1.673327581,447
-0.137869871,-0.527000751,447
0.176713263,-1.083286516,447
-0.518405759,-0.461509828,447
-0.939850811,0.12535085,447
-0.973180211,0.788614166,447
-0.981043503,-0.487342131,447
-0.53140886,-0.126300252,447
-0.087020591,-0.673511851,447
-0.890716298,-0.818351172,447
0.885538132,-0.544215164,447
0.032044161,-0.047593765,447
-0.122221233,-1.346021201,447
-0.463305155,-1.250178639,447
-0.511446322,-0.727562628,447
0.438972341,0.568831739,447
-1.02669496,-1.305963215,447
-0.615043371,-0.540995808,447
0.43407353,0.0482005,447
-0.734447292,-1.079903565,447
-0.180980183,-0.015910603,447
-0.466823439,-0.468467067,447
0.080637757,-1.247096948,447
0.186416595,-0.25455921,447
-1.335366039,0.811077145,447
-0.369159105,0.395230945,447
-1.029977901,1.816915533,447
-0.563336875,-0.6046756,447
-0.659874858,-1.574911827,447
1.154715765,-1.590468882,447
-0.406215927,0.058650823,447
-1.038849878,-0.75625072,448
-1.521169725,-1.632355645,448
-1.754688389,-2.156627639,448
-1.841689392,0.841847977,448
-2.143981114,-0.981279307,448
-1.898497085,-1.033059996,448
-2.322343687,-0.481074737,448
-1.710374202,0.284547256,448
-2.367458933,0.401259369,448
-2.487768119,-0.773712286,448
-1.818754672,-0.972476881,448
-0.884575725,-2.609460884,448
-1.760417098,-0.586922502,448
-1.870896371,-0.238905582,448
-1.761524808,-0.223842897,448
-2.133192897,0.576239194,448
-1.764141916,0.455892585,448
-1.540142919,0.960194225,448
-3.204392258,0.316256578,448
-1.979149571,-0.187977426,448
-1.720273255,1.636067564,448
-1.634327063,0.294287062,448
-2.09700972,-0.331416042,448
-2.323801953,0.438696105,448
-3.04763469,0.275329848,448
-2.970472166,0.862488084,448
-2.471504132,0.32049531,448
-1.912721514,0.314378616,448
-2.020042035,-1.228917253,448
-1.677080684,0.155010673,448
-1.184358667,-0.522710692,448
-0.798677837,-0.323403543,448
-1.471388043,-0.734766737,448
-1.402774872,-0.078819594,448
-2.008067729,-0.17383146,448
-2.000821759,-0.20449449,448
-1.409668059,-0.304304292,448
-2.535326064,-0.171890936,448
-1.756103009,0.058225374,448
-0.609914454,-0.874441147,448
-1.651362335,-1.567625748,448
-2.071181867,-1.619741944,448
-0.389587775,0.877089572,448
-1.70048797,0.904211386,448
-1.484422569,1.278696393,448
-3.102034541,0.792867922,448
-2.396149908,1.350630783,448
-1.365635668,-0.288450335,448
-2.130295221,-0.193792799,448
-1.642381133,1.170016637,448
-1.519085159,-1.068698375,449
-0.514774033,-1.097273748,449
0.594927959,0.462246219,449
0.319281864,-0.725580683,449
0.076344631,-0.828805586,449
-0.419164555,-0.476131516,449
0.847126107,1.167563661,449
-0.39474567,-0.583283498,449
1.05163695,0.39706373,449
0.725782152,-0.422650789,449
0.709493603,1.162575789,449
-0.56929763,-0.9426308,449
-0.692645496,-1.179214391,449
-0.777252669,-0.835044063,449
-0.98007524,-0.725114553,449
0.495248,1.213180399,449
0.730390715,0.393904731,449
0.857821271,0.45326103,449
0.354240201,0.565778847,449
0.519475704,-0.045723087,449
0.785060436,0.903781171,449
-1.263004819,-0.838352659,449
-0.472518242,-0.456942299,449
-0.517173798,-0.84798918,449
1.465651517,-0.154334536,449
0.304206752,-0.143739274,449
0.731510908,0.734168697,449
0.440819692,1.095253915,449
0.137527547,0.249166873,449
-0.043536833,-0.294517609,449
0.256740817,-0.238508989,449
0.722572043,0.605454864,449
-0.591802158,-0.471329268,449
-1.026924257,-0.79668451,449
0.184477686,-0.112625081,449
0.483401569,0.329856127,449
-1.853098301,-1.235655246,449
-0.477527187,-0.055858343,449
-0.741151892,-0.333223584,449
0.454992074,-0.119457374,449
0.866108345,1.180735524,449
1.386057813,1.69494471,449
0.522438114,1.176341943,449
-0.382766583,0.306066914,449
-0.789120491,0.459073371,449
-1.17094724,-0.869839939,449
0.721992887,1.142952928,449
-0.561390082,0.199432735,449
1.51287875,0.234446428,449
0.874424798,0.739446429,449
-2.436207354,0.058378074,450
-1.96424568,-1.391212679,450
-3.717519268,-0.092400934,450
-2.676530486,-0.985133939,450
-2.602500539,-0.488155758,450
-1.935162956,-0.68539867,450
-3.686296654,-0.182660417,450
-3.653919231,0.497432327,450
-3.194229978,0.185177204,450
-3.269188373,0.706874878,450
-4.494906495,1.675036562,450
-2.610514653,-0.839792176,450
-1.388974419,-0.81170674,450
-3.203987953,0.33267048,450
-2.614775081,-0.120171413,450
-1.969422361,-0.218584284,450
-2.562908576,-0.349699675,450
-1.664675896,-1.204760779,450
-3.03159348,0.923396813,450
-3.002473246,0.262598379,450
-2.91580193,-0.272449623,450
-1.980294155,-0.865676701,450
-3.238131398,0.11501358,450
-1.901642518,-1.295896944,450
-3.276096634,-0.124138942,450
-3.248904316,-0.55690974,450
-2.767787061,-0.646143797,450
-2.271320566,-1.470992676,450
-1.744530248,-1.067790817,450
-2.23184462,-1.288730438,450
-4.729994753,1.339464627,450
-1.530939314,-1.822810717,450
-3.622626577,0.347759026,450
-2.746258247,1.32759146,450
-2.096712555,-0.772290128,450
-2.433814364,-0.481535495,450
-2.277175121,0.478138762,450
-2.077459653,-1.145412797,450
-3.172474994,0.367296781,450
-1.35380323,-0.84616942,450
-3.17556926,0.513959937,450
-0.606486524,-0.985464164,450
-5.16973767,2.320976828,450
-2.295255915,0.602540177,450
-3.174465539,1.036451296,450
-2.536448207,0.407029639,450
-2.483325567,-0.097509451,450
-4.95447157,2.150494089,450
-2.687101106,-0.089278661,450
-4.436514695,1.151535286,450
-0.797758898,0.727334646,451
-0.730064772,0.796972212,451
-1.266778502,0.430913553,451
-0.859597883,-1.253817914,451
-0.840395299,0.620299469,451
-0.998129439,1.692948094,451
-0.470685494,1.050909481,451
-0.164833347,-0.515394123,451
0.332001586,-0.090577255,451
0.543706374,-0.114066384,451
0.790684301,-1.105032636,451
-1.717143741,0.416536518,451
0.160668865,0.659265901,451
0.716728941,-1.800857882,451
-0.122498851,-0.306573512,451
-0.257025814,-1.04777566,451
-0.120992116,-0.307347565,451
-0.797069753,-0.756207033,451
-0.547597343,0.035193623,451
0.487223079,-0.082436555,451
-1.512685055,0.119289781,451
-0.003911848,-0.219479294,451
-0.3989838,0.672892498,451
-0.374357682,-1.085572913,451
-1.957905842,2.005100232,451
-1.308914941,0.215882661,451
-0.515752248,-0.81270038,451
-1.404695571,0.254665094,451
-0.541570469,-0.02536989,451
-0.29200318,1.870132457,451
-0.534141733,0.507881543,451
-0.046911182,-1.068542718,451
-1.276078504,-0.899975191,451
-1.188331216,0.745949946,451
-1.034814386,0.470494683,451
-0.085214219,0.565636208,451
-0.542711381,-0.809084797,451
0.019461529,-1.214674952,451
-1.147113206,0.473865268,451
-0.971889863,0.811668182,451
-0.910394267,-1.101087346,451
-0.711465664,1.514713133,451
-0.012190841,-1.151332218,451
-0.206951788,0.927240836,451
0.240897081,-0.317646395,451
0.454766939,-0.829540255,451
-0.091553749,0.108581807,451
-0.668171071,-0.127635466,451
-0.886557816,-0.846415657,451
-0.454224804,0.34822276,451
-0.91041342,1.030047478,452
0.001296422,0.539541403,452
0.196878747,-0.302174069,452
-0.171365683,0.240253652,452
-0.151275447,0.900156791,452
0.469947519,-0.358528522,452
-0.413490353,0.12895791,452
-1.683841246,0.637225883,452
-0.676956944,0.700374262,452
0.165330799,-0.326010702,452
-0.480820126,1.539170039,452
-0.597968042,-0.478327423,452
0.10405428,1.646601701,452
-0.434836396,0.28260782,452
-0.105156534,0.498935213,452
0.060360551,-0.218235273,452
0.518467888,-0.430288935,452
0.5436759,-0.886668632,452
-0.27242868,-1.150910407,452
-0.121115427,0.754636015,452
0.487991526,-1.378254661,452
-0.584719295,-0.43831164,452
-0.112657447,-1.310447343,452
0.471156312,0.443439274,452
-0.009370324,0.0303166,452
0.574630424,0.080407176,452
-0.696882798,-0.070817541,452
0.502087189,-1.268141228,452
-1.889783379,0.608008253,452
-0.332653,-0.098824791,452
0.792079876,-0.613372441,452
-0.544611295,0.101882623,452
-0.46837733,0.377786136,452
0.141653674,-0.624692372,452
-0.046436594,-0.66398407,452
-0.176582155,0.831655178,452
-0.435808967,0.364456721,452
-0.264217736,1.356165869,452
0.284929205,0.253304893,452
1.327988807,-0.209192972,452
-0.301006635,0.204248192,452
-0.749525211,0.294985364,452
-0.451481673,0.60327713,452
-0.691700565,0.241945754,452
0.214874256,-1.048266843,452
-0.130966985,-0.196600711,452
0.249232297,-0.266739651,452
0.191125306,-0.273980411,452
0.212468009,0.468073658,452
-0.325632493,-0.83410225,452
-1.068593841,0.831269971,453
-1.358416171,0.740125464,453
-0.207704839,-0.72743499,453
-1.260400458,0.068507138,453
-0.944651828,1.850687682,453
0.092261043,-0.682934562,453
-1.345848999,0.565637927,453
-0.864912004,1.39816309,453
-0.277261733,0.195785108,453
-0.362070013,-0.408067524,453
-1.451124477,1.040229465,453
-1.426331578,-0.032527111,453
-0.266720626,-0.269835461,453
0.525694714,-0.447092865,453
-1.563643147,0.502582673,453
-1.367815099,0.200159359,453
0.249912045,-1.283497491,453
-0.153202391,-0.323124941,453
-2.75316633,2.9530553,453
-0.157684123,-0.830625316,453
-0.934653038,-0.55179763,453
-0.253142553,-1.145391697,453
-0.308235168,-0.550934964,453
-1.208331636,0.029558506,453
-1.25260981,0.641543894,453
-0.027216418,-0.902750014,453
0.2545506,0.125138914,453
-1.630659399,0.72783655,453
-2.385764778,2.938350476,453
-1.521289658,0.128393362,453
-0.089703488,-1.279764827,453
-1.788043848,1.665274203,453
-0.483430552,-1.036891903,453
-0.281211237,-0.007168556,453
-0.327630659,-0.218900069,453
-0.866033348,-0.924005745,453
-1.314806721,1.602642051,453
0.011831086,-0.320552719,453
-0.046759019,-0.351073361,453
-1.623808613,0.983996705,453
-0.731404048,-0.405544646,453
-0.790219306,-0.434559121,453
-0.744614301,0.712321988,453
-0.571824756,-0.634271266,453
-1.675064756,1.978498908,453
-1.208807107,-0.208160949,453
-1.408424767,0.779931583,453
-1.298834209,0.08276944,453
-0.806589956,0.292535481,453
-0.28991009,0.298119071,453
-1.126483914,0.246498596,454
-0.440726779,-0.88388119,454
-0.714331064,-0.626798544,454
0.164723,-0.378813801,454
0.208978838,-0.457767675,454
0.344095265,-0.104954142,454
-1.451939795,0.766286483,454
-0.349977312,-1.080620503,454
0.340715713,-0.728403846,454
-0.390999467,0.724403046,454
-1.179836776,-0.016992589,454
-1.33794369,0.624688771,454
-1.286260914,0.44627074,454
-0.459574657,-0.009078656,454
-0.474795312,-0.892316056,454
-0.660751449,-1.326855779,454
-0.607611812,0.831578965,454
-1.758277596,1.485047672,454
-1.400484362,2.013682708,454
-0.745993048,-0.758498218,454
-1.064041842,0.724418628,454
0.322525568,-1.323033698,454
0.22430706,-0.61103279,454
-1.054046422,0.068727807,454
-1.220395278,0.382951866,454
-0.947789815,-0.903711721,454
-1.064009524,-1.228753901,454
-1.250590814,-0.232755206,454
-0.489988994,0.096810004,454
-1.618503756,2.369247154,454
0.163053928,-0.466944694,454
-0.237275011,0.23535719,454
-1.728250623,-0.299349238,454
0.145360696,-2.631597649,454
-1.098912635,0.589411446,454
0.008826387,-0.550357684,454
-0.380092436,0.872907757,454
-1.142826242,0.207267294,454
-0.329177728,-2.576320546,454
-1.336498431,-0.262146518,454
-1.558154429,2.415942586,454
-0.448981533,-0.432414994,454
-1.109089395,0.983391481,454
-0.912519712,1.869361083,454
-0.87901392,-0.721700603,454
-0.869106484,-0.731095518,454
-0.529390024,-0.20058677,454
-0.55631584,0.549155467,454
-0.358078933,0.162506322,454
-0.664911399,0.568813331,454
-0.075125151,2.250708535,455
0.58592865,1.058325239,455
0.329817436,0.226806344,455
0.126349114,-2.33324323,455
0.728504804,0.246798359,455
-0.168660576,1.273714423,455
0.66059152,-0.004223019,455
0.502966046,-0.240998165,455
0.773262093,-0.143686814,455
0.017004003,0.129896205,455
0.170878129,-3.503161757,455
0.625874949,-0.029180011,455
0.696592038,-1.007133452,455
0.095507803,1.578916536,455
0.107828752,-0.820857409,455
0.913809823,0.984356147,455
-1.447615288,-0.494734138,455
0.594589115,0.715772364,455
-1.143458198,-1.312735866,455
0.292901531,-2.805741307,455
-0.205544503,-0.350087519,455
-0.273067871,-0.742973731,455
1.315231418,-0.953824099,455
-0.993771431,-1.074644377,455
1.146920723,-0.668146221,455
-0.326127778,0.780807614,455
0.625327329,-0.451366508,455
0.8386351,-1.362998403,455
-0.843543847,0.862379003,455
-0.287255073,0.075299511,455
-0.133712852,0.603757314,455
-0.734377088,-0.478146173,455
-0.080340753,-0.603980331,455
-0.499341793,1.615897507,455
0.607672941,1.23344823,455
0.223235245,-0.644340566,455
0.132684033,0.591481332,455
0.111686499,-1.501247443,455
0.604303193,1.17456275,455
0.353374297,1.35039748,455
0.487589126,0.572753379,455
0.677036131,1.936900478,455
0.077357368,0.017654822,455
-0.698876481,1.175366067,455
-0.57058834,-0.607352086,455
-0.536567603,-0.420745261,455
0.748741135,-0.728364902,455
0.223047945,1.468812971,455
-0.036702439,-0.263557543,455
0.776511925,0.556571573,455
-1.119235692,-0.357414635,456
-1.098314667,0.216108007,456
-1.484571379,1.067147487,456
0.459385446,0.524139283,456
-1.413193336,-0.40357656,456
0.412374644,0.531732583,456
-0.157998223,-0.883238604,456
-0.188897619,-1.593559232,456
0.933653345,0.556928422,456
-0.080794743,-0.555814465,456
-0.365921949,-1.487744057,456
0.052754472,-2.035098901,456
-0.734802325,-0.415693024,456
-0.074246411,-0.915617601,456
-1.11706013,0.610727444,456
-0.845216324,-1.433423964,456
0.850284138,-1.52590091,456
0.095387026,-0.854881688,456
0.089550939,-2.403158794,456
-1.747775552,2.207898643,456
0.158596991,-1.48734177,456
-0.485609364,-0.607142698,456
-0.300348157,-1.337626724,456
-1.820204916,-2.030109129,456
-0.901853467,2.696556148,456
-1.195881111,2.992610218,456
-0.895114152,-1.723094475,456
-0.629795265,0.693002869,456
-0.677588884,0.33193867,456
0.237933447,0.683477854,456
-1.371787459,-1.184933124,456
-2.31781919,1.21567158,456
-0.521948756,1.602265895,456
-0.255268222,0.160113601,456
-0.066465634,-0.843435064,456
-0.869989974,0.313249937,456
-0.682168651,2.24256074,456
-0.392634389,0.351473941,456
-0.662942553,-0.777630461,456
-0.781166462,0.60336208,456
-2.121248257,1.462736579,456
-0.81486819,0.634268809,456
0.355428517,-2.315009966,456
-0.668195938,-1.173234914,456
-0.548795784,-0.804216296,456
-1.101574945,-0.384414659,456
-0.209141044,0.104322039,456
-0.239672997,0.23405349,456
-0.542418949,-0.486101486,456
-0.658269624,-1.152535908,456
1.055814607,0.3937874,457
0.887804261,-0.210870342,457
1.50123305,0.634933188,457
0.83599007,-1.194602082,457
0.78511555,-0.917624073,457
1.158121924,0.912449479,457
0.082832999,-1.518865817,457
1.094555441,0.317924356,457
0.747922647,-0.667256969,457
0.704026205,-0.323075772,457
1.371089848,-0.34470336,457
0.774204611,-0.700472639,457
1.423497636,0.670334594,457
1.151792948,0.326275925,457
1.492161744,0.213301738,457
1.202189098,0.111499406,457
1.024527281,-0.296449622,457
1.091286616,0.14632137,457
1.945729267,1.838645077,457
2.661229099,0.878878274,457
1.101499972,0.098695715,457
1.037956856,-0.390020178,457
2.564318193,0.500290856,457
1.265526928,1.027253376,457
0.965119137,-0.511493722,457
1.580490057,0.606471955,457
3.148094462,0.961623822,457
2.625923614,1.091635642,457
1.444386583,0.695179577,457
2.003531379,1.560771325,457
2.440868007,0.198111578,457
1.569633533,0.035098538,457
0.812183407,-1.030599527,457
2.772313216,1.584621655,457
0.515843064,-0.196345939,457
1.65314088,-0.67248361,457
1.240603866,-0.232244013,457
0.501023522,0.628661194,457
1.480444681,0.307282216,457
0.860343115,-0.47084822,457
0.087418777,-1.703099506,457
0.915485126,0.245930566,457
1.545584686,-2.004761717,457
0.478505319,-1.553195177,457
1.080559523,-0.855429006,457
0.541743009,0.002092265,457
1.548968465,0.415998572,457
3.092191309,1.185563355,457
1.037494488,-0.272559627,457
2.616110199,1.900419211,457
0.081497325,-0.208098594,458
0.818880066,0.352248366,458
1.146033698,0.467644234,458
-0.575147057,1.933988874,458
0.579384154,-0.832050139,458
0.676578713,0.278079943,458
0.435901988,-0.708317379,458
0.120870381,-0.76651831,458
0.276677714,-0.000196374,458
-0.56076336,-0.07374883,458
-0.928522493,0.838729211,458
0.540932435,-1.001829534,458
-0.176874844,-0.071026596,458
-0.498651157,-0.141352934,458
1.020869352,-1.263950914,458
1.066917294,-1.759670112,458
0.552995948,-0.25850819,458
0.862103532,-1.036906013,458
1.365537998,-1.80528587,458
0.452799538,-0.620592768,458
-0.391600169,1.014623013,458
0.489887824,-0.447160005,458
-0.020927017,-0.034795055,458
-0.465872664,0.159310373,458
0.166668574,0.451135274,458
-0.079732593,0.799060704,458
0.436513067,0.169058006,458
0.568782145,-0.128684738,458
1.053167861,-0.412956993,458
0.342334717,0.817665372,458
0.104377417,-0.956445468,458
-0.072768087,-0.357958519,458
0.391457932,0.752910977,458
0.834530522,-1.876565678,458
0.059611297,0.473660561,458
0.546910558,0.120327371,458
0.348712121,-1.546769137,458
0.430193326,-0.994865945,458
-0.435169037,0.773604406,458
0.256820159,-0.295155583,458
-0.211996801,-0.51811575,458
-0.572549594,1.043187378,458
-0.521187852,0.657725622,458
-0.446843073,1.763264589,458
-0.778452531,0.824223197,458
0.110896463,0.819657923,458
-0.258355185,-0.56372866,458
-0.105141902,0.63285514,458
0.476416463,0.620595374,458
-1.188766447,0.273055993,458
-0.601165792,-1.336769865,459
-1.675152142,-2.071569315,459
-1.264326406,-0.002146799,459
-0.629827873,-0.824188757,459
0.279408552,0.267887431,459
0.205122776,1.541859136,459
-0.398318374,-0.873640171,459
-0.207668093,-0.440009936,459
-0.856361711,-0.117768143,459
0.616997171,-0.21868024,459
-0.138069591,0.573470939,459
-1.544141079,-0.722724405,459
-0.943723069,-0.474146541,459
0.55253415,0.347686686,459
0.18445653,-0.492889998,459
-0.385994131,0.256993031,459
-1.942325396,-1.28167816,459
0.763120016,0.085346494,459
-0.175934733,-1.430900314,459
0.805984902,0.469928176,459
-0.975960305,0.317608447,459
-0.387895047,0.417152594,459
-0.413057164,0.17275375,459
-1.009244057,-1.677367711,459
0.61352981,-0.975464961,459
-0.476812578,0.318065817,459
-1.075088851,-1.950627761,459
-0.462288567,-0.993046406,459
-0.472734206,0.093373488,459
-0.199745479,-1.078265848,459
0.135230739,-0.835134253,459
0.445479488,-0.827046902,459
0.486999504,0.644356096,459
0.377816136,-2.420584053,459
0.507572898,1.140513921,459
0.242875591,0.417235404,459
0.34115646,0.684456036,459
-0.283308946,-1.291624519,459
0.390594101,-0.196149572,459
0.226823028,-0.810205281,459
0.829169377,1.366802434,459
0.241084573,0.391437004,459
0.439851677,-0.512296182,459
0.171606028,0.326122106,459
-0.226626543,-1.080227295,459
0.541349136,1.904803318,459
-0.363846347,-1.184628255,459
0.15677094,-0.904552212,459
0.254355266,-0.714312886,459
-0.649484757,1.839847522,459
-0.124140184,1.17653607,460
0.371916425,0.737046105,460
0.422473012,-1.235665084,460
-0.298732018,0.506534853,460
-0.041800259,0.751519517,460
-0.7765059,1.503054839,460
-0.510753101,-0.227346504,460
-0.393908442,-1.123362303,460
0.494825741,0.030677898,460
0.370197499,0.250576017,460
0.208624314,-0.454450733,460
0.570673959,0.642548237,460
0.296824957,-0.280168038,460
0.731207067,0.11120914,460
0.766005205,-0.140122711,460
1.387763547,-1.58400438,460
0.225410232,-1.801900775,460
0.157732758,-1.756796471,460
1.009497271,-0.393004183,460
1.000304179,-0.96879337,460
1.16812978,-1.330941512,460
0.707323883,-0.639685841,460
1.199023306,-1.060951118,460
8.63735086400891e-05,-1.041858279,460
0.048871527,1.774992417,460
0.566506323,0.710774599,460
0.531036103,-0.646556688,460
0.205355878,0.549854454,460
0.343910658,2.092782229,460
-0.152317735,0.917962475,460
1.086799612,-0.497733052,460
0.324474143,-1.183127996,460
0.042019,0.098220345,460
0.076799547,0.865554451,460
0.133042406,1.623609021,460
1.283393177,-1.068198601,460
0.021294261,-1.303513068,460
-0.076829772,1.447353944,460
-0.057367195,0.306698189,460
0.681287787,-0.468934717,460
0.119723374,-0.097534993,460
1.376960463,0.797709221,460
0.144017038,-0.314479998,460
0.126079919,1.363831413,460
0.350121177,-1.118176951,460
0.414267659,0.139153703,460
0.126757033,-0.468444001,460
0.043375794,-0.6630309,460
1.644254124,-2.053486593,460
0.263386071,-0.747129821,460
-1.498249904,0.876749932,461
-0.371157912,-0.494025929,461
-0.599341766,-0.075584704,461
-0.849148149,0.940940987,461
-0.101583622,0.133306529,461
-0.361248313,-0.022061721,461
-0.578023767,1.0404079,461
-0.644726767,0.316606063,461
-0.87815191,-0.917507032,461
-0.420036173,-1.315863168,461
-1.319395372,-0.478804077,461
0.157423594,-1.677073778,461
0.246965207,0.24808595,461
0.414174245,-0.180716469,461
-1.509137022,1.413907661,461
-0.979702115,-0.032994212,461
0.648063125,-0.885583967,461
-0.124888744,-0.380849197,461
-2.006485376,0.940764296,461
-0.290658965,-1.394889112,461
-1.222241278,0.498148941,461
-0.448277048,-1.065459264,461
-0.838715513,-0.837995551,461
0.606341663,-0.977682292,461
-0.933357629,0.318031552,461
0.700310542,-0.685769263,461
0.076528791,-0.394041752,461
-0.747710858,0.892363235,461
-0.916534419,0.398203775,461
0.273079406,-1.144279705,461
-1.430709417,-0.424690798,461
-0.111563242,0.860865471,461
-0.155462103,0.721451145,461
-1.35333308,-0.889694887,461
0.355248033,-0.586921363,461
-0.916233702,0.463370721,461
0.013076704,0.061114252,461
-1.348001965,0.703635766,461
0.104891222,0.346051222,461
-1.220710052,1.754265569,461
-0.772262129,-0.613466569,461
-0.745352896,0.335100033,461
-1.633341059,0.915594806,461
-0.514078113,1.066838789,461
-0.838516635,1.594853919,461
-1.392837397,-0.840882937,461
-1.341896487,0.471587311,461
-0.914083126,0.503356175,461
-0.782433836,-0.712777101,461
-0.672091781,-0.222768766,461
0.78145997,-0.065477449,462
0.55759965,-0.354177226,462
-0.097104205,-0.253679696,462
0.941529371,-0.164489794,462
0.602894293,0.077169224,462
-0.495279459,-1.095100991,462
1.030407421,0.093955499,462
-0.099555107,0.094398011,462
1.0307327,1.102259726,462
0.750076271,0.220825591,462
0.459651197,-0.740741986,462
0.199742096,1.28463204,462
-0.384002359,1.439286912,462
0.188254181,0.352193958,462
-0.173965973,-0.279572322,462
0.266187309,0.964204715,462
-0.502735467,1.513656055,462
-0.541732468,-1.832911149,462
-0.26607169,-0.177439333,462
-0.555747121,-1.543416796,462
-0.498370494,-0.623795356,462
0.512710402,0.116050965,462
-0.606185455,-0.853331323,462
1.330982224,0.510356816,462
0.179128726,0.995476409,462
0.022532495,-0.158051123,462
1.061869839,-0.348138059,462
-0.506554058,1.470913859,462
-0.295715604,0.870299391,462
0.054877586,-0.797010449,462
0.99946131,1.754820638,462
0.8550485,-0.491536338,462
-0.501509335,1.657336039,462
0.16146377,-2.191457039,462
1.598383968,0.022621619,462
0.184332112,0.820447921,462
0.149786722,-0.047956635,462
1.219797349,0.691220567,462
-0.053967714,1.181389494,462
0.911161856,-1.078476537,462
-0.37429376,-0.704023704,462
0.649444414,-0.351161225,462
0.573130821,0.736825246,462
-0.224566109,-0.674211159,462
0.232614215,2.482136911,462
-0.085390129,-0.481489507,462
0.431074156,0.087231992,462
0.738224481,-0.307568126,462
0.876791835,1.458011468,462
0.160269071,0.89838935,462
0.763002736,0.762764972,463
0.588704434,-0.013476037,463
1.070151224,-0.110851385,463
1.117600698,2.138519013,463
1.000560102,0.381163858,463
0.174643255,0.987878033,463
0.170203999,1.367791594,463
0.291525479,0.600547238,463
1.05466711,-0.629429856,463
0.267145896,1.338134172,463
1.974960732,-1.712617514,463
-0.26839658,0.617412921,463
0.559217623,-0.598259568,463
0.538096113,-0.723864816,463
-0.594253584,-0.251422253,463
0.818489671,-1.152833137,463
-0.166227077,2.189769826,463
0.697091017,-0.406288315,463
0.26668698,0.725840878,463
0.877389062,0.619989496,463
0.119335728,-0.590308478,463
-0.404226043,-1.144453131,463
0.27626159,-0.364226125,463
1.048088131,-2.430006514,463
1.414339091,-0.226010618,463
0.453455561,0.219195406,463
1.469829118,-0.447635629,463
0.435963499,0.566333489,463
1.334165192,-1.751781447,463
-0.055707524,1.210329457,463
-0.037391327,1.072021213,463
-0.029950867,1.456893775,463
1.127215604,-1.281726958,463
1.691883403,0.556547538,463
0.970533233,0.107805187,463
-0.706312202,1.64500399,463
0.980340508,-1.504111096,463
0.287388327,0.634481421,463
0.153048381,0.267270257,463
0.511102779,0.093583253,463
1.051250743,0.173320445,463
0.717403857,0.222638424,463
0.767312383,0.800443843,463
0.866093581,0.233656451,463
-0.575278187,1.90614675,463
0.273952652,0.756295817,463
1.061590258,-0.337057848,463
-0.438995948,3.253261932,463
-0.866222634,0.222853697,463
1.230144316,-0.882386566,463
0.643275271,0.515644595,464
-0.319958301,-0.416389444,464
0.84887563,0.583649143,464
-0.149086201,-1.013036734,464
0.039012743,-0.408616822,464
1.355924651,1.935355331,464
2.030449883,1.943703728,464
0.666532692,-0.357458787,464
0.848984983,0.421931045,464
-0.952521444,-0.360949583,464
0.816181063,0.034487527,464
0.207149796,-0.753170087,464
1.78580442,1.651572424,464
0.724756035,-0.414928521,464
0.821535155,-0.362485509,464
-0.41434469,0.070626233,464
1.161207858,0.183496551,464
1.694504942,1.045996657,464
0.904296291,0.388493208,464
0.180107612,-0.383852118,464
-0.334479101,-0.330087642,464
0.326486592,-0.521978429,464
0.483207243,0.062841631,464
0.170632805,-1.768624539,464
0.980500775,1.43493211,464
0.508503394,2.576179816,464
1.286590369,0.469586515,464
0.387018785,-0.131158274,464
0.052789412,0.059113616,464
1.238440541,0.23961425,464
-0.330350049,-1.238776603,464
1.089171996,0.922952508,464
1.005298056,0.881620012,464
-0.161035005,-2.446123068,464
2.280643361,0.949915562,464
0.663226802,1.073670133,464
0.780687452,0.736175881,464
1.967711839,-0.232062513,464
1.19405231,0.814534887,464
0.20538707,0.832054276,464
0.480136367,0.24199491,464
0.786895439,-0.845115044,464
1.946213611,0.600616296,464
0.931077618,-0.509968154,464
1.051934455,-0.693600385,464
1.814751402,1.440215972,464
0.492195307,-0.563188301,464
0.359227222,0.165551043,464
0.289089116,-0.390732613,464
0.136332486,0.000980232,464
0.838525753,1.101168291,465
1.218270809,-0.244255785,465
1.712568863,0.958561257,465
0.749609056,0.403171473,465
0.261053953,0.194226377,465
0.157091467,-1.428223136,465
1.107009445,1.020925415,465
-0.324478607,0.3749825,465
0.51292387,0.648574637,465
1.5598255,2.987967362,465
1.619002448,-0.831956959,465
0.83406291,0.455105189,465
-0.234643495,-2.039711816,465
0.431578076,-2.496813427,465
-0.012566303,-1.082069398,465
0.054752966,-0.291012001,465
0.586839901,2.489300328,465
1.223574521,-0.140974765,465
1.295852707,1.657515551,465
0.682536761,-0.380519656,465
1.212335294,-1.160147327,465
0.916056039,0.880432955,465
1.080117072,0.071633972,465
0.859141387,0.758137688,465
0.667361149,0.567813547,465
0.609414402,-0.811822446,465
1.244704414,-0.099028717,465
0.01628813,1.560764386,465
0.191453443,-1.676440645,465
0.456760316,1.206573873,465
0.540938984,-0.147842717,465
0.458961879,-0.600704238,465
1.57455306,1.519867971,465
0.326140109,0.266576877,465
0.519933758,0.233396807,465
1.017904808,1.68384457,465
0.351057985,-1.155465233,465
0.943006517,0.862155475,465
0.620235598,-1.583460952,465
0.955450322,0.38731353,465
1.864299067,0.293573018,465
-0.147433667,0.724789357,465
0.470402798,0.128436913,465
1.033561509,-0.243140484,465
0.752873525,-0.597245822,465
1.178959873,0.492295052,465
0.876539125,0.885412636,465
0.320867621,-1.620991274,465
0.772260703,-0.052918731,465
1.331020136,0.916364578,465
0.802753666,1.247709242,466
0.293147705,-0.204222724,466
0.670390064,1.851808932,466
0.208514748,0.150140773,466
0.438014308,-0.387340812,466
-0.319082829,0.346609763,466
0.235467597,1.937646576,466
0.346829363,0.290300309,466
0.605767328,0.057844038,466
0.657331657,0.604616822,466
-0.057974183,0.669766424,466
0.619014864,-0.877090487,466
-0.109380964,0.309381417,466
1.045304115,-0.417517896,466
0.195525522,0.649337161,466
-0.264298131,-1.275488435,466
0.270269648,-1.082883832,466
0.218089373,-1.519824298,466
-0.272193393,-0.602155619,466
1.3742012,0.731996296,466
0.157057609,-0.306879915,466
0.208684903,-0.186947796,466
-0.016703208,-1.123355539,466
-0.511266575,-0.190633561,466
0.226545499,0.620463415,466
0.805456689,-0.848292037,466
1.345925364,0.737993043,466
0.489130245,-1.564136535,466
0.27904974,-1.299094883,466
0.798217965,1.478920077,466
0.604096577,0.114749962,466
0.783321561,-2.494813782,466
1.397796189,-1.700590469,466
0.312559229,-0.227240993,466
0.666647856,0.547083436,466
0.290107431,1.327776203,466
0.629924807,-1.401154147,466
0.572764469,0.183734803,466
0.757954642,0.119867009,466
-0.569586589,-1.43850687,466
-0.156786245,0.440744478,466
-0.731387333,2.100807591,466
0.625120554,-0.354288304,466
0.208048195,0.225261128,466
-0.040700786,1.6070146,466
0.290068616,0.231698248,466
0.778430683,0.722819266,466
0.686797294,0.105378274,466
0.330958249,-0.216844072,466
1.77232463,-0.891315712,466
1.182984913,0.648011766,467
-0.664553412,-1.300795613,467
-0.275828056,-1.695727988,467
0.961459376,1.005685965,467
0.52864423,0.31580859,467
0.529149319,0.105177756,467
0.265248541,0.326281445,467
-0.184157986,-0.834714377,467
-1.96633938,-1.108974029,467
1.820365446,1.891141942,467
-0.026975997,1.05666491,467
0.02873255,0.435845523,467
-0.626367381,-0.825711875,467
0.481974536,0.170722558,467
-1.247573949,-0.661779549,467
-1.737678699,-2.352087914,467
-1.32100244,-1.639775125,467
0.243230758,0.156545704,467
-1.671403544,-2.468716038,467
1.868895162,0.966041422,467
0.633112505,-1.265350369,467
0.466263464,0.582566643,467
-0.074645243,-1.228424988,467
-0.057589515,0.414084848,467
-0.876162094,-1.015159788,467
0.837046085,0.141958469,467
1.313587938,1.575603562,467
-0.300528316,0.213218129,467
0.543743699,-0.182426172,467
0.472342323,0.777884065,467
-0.156653408,-0.403281227,467
0.62429303,1.079004741,467
-1.207497154,-0.758756538,467
0.255059518,-0.218026761,467
0.085489956,1.048405065,467
0.69074164,0.43738118,467
-0.491962928,-0.004892315,467
-1.272040239,-1.508715844,467
0.39187133,0.818912654,467
-0.960611364,-1.128864049,467
1.66720183,0.871556138,467
0.966045118,1.568766895,467
-1.709429539,-1.353530849,467
-1.400468538,-0.985117059,467
-1.236583043,-1.338944281,467
0.563000137,-0.068463366,467
1.19311507,0.944605883,467
-0.279081181,-0.954407599,467
-0.306366386,-1.452138454,467
0.730216053,1.245816699,467
-1.196664785,-1.049755838,468
-0.309164067,-0.121756235,468
-0.898857821,0.992389257,468
-0.956211236,0.177795868,468
0.217531636,-2.039630808,468
-0.336081686,-0.743210133,468
-1.305472859,1.274354959,468
-0.743465995,-0.320819833,468
-1.839338075,3.172543861,468
-0.728713815,1.680973714,468
-0.631920088,0.088645739,468
-0.307777262,1.345304338,468
0.803120065,-1.937970118,468
-0.742595835,-0.879333974,468
-0.268031458,-0.696531845,468
-0.721623389,-0.803118763,468
0.454055136,0.207637541,468
-1.358687455,1.310732674,468
-2.000933976,0.902494628,468
-0.440609127,0.480248935,468
-1.087307504,2.08476586,468
-1.591193183,0.458537399,468
-1.386178645,2.235451563,468
0.071806408,-0.339445119,468
-0.32432129,0.936176928,468
0.193783704,-0.566448088,468
-0.744898289,0.631755863,468
-0.185675226,-0.08049531,468
-0.126954072,0.275240067,468
-0.959084783,-0.581425485,468
-0.377004573,-1.222673172,468
-0.734254925,0.538653461,468
-0.965716836,1.134672157,468
-1.441587135,0.160197579,468
-2.325496405,2.672965301,468
0.072880764,-0.756773926,468
-0.438015355,-0.316416355,468
-1.252189668,0.420058271,468
-0.808531594,-0.071344105,468
-0.381159697,0.011708422,468
-0.373872598,-1.734575305,468
0.55301366,-1.03395601,468
-0.745309268,0.239170748,468
-1.070593978,-0.056639819,468
-0.566729661,0.447877838,468
-0.59461179,0.440764741,468
-1.120023477,0.874185391,468
-0.300448857,-0.858995071,468
-0.826660399,0.168808429,468
-1.258419546,-0.833042788,468
-0.200910334,-0.598567083,469
-0.473036778,-0.57357694,469
-0.820421744,0.4778047,469
-2.49864272,2.054304476,469
-0.024843248,-0.849806464,469
-0.960659529,0.80911469,469
-0.62940087,0.751071011,469
-0.131865148,-0.419162161,469
1.228790051,-1.562261606,469
0.865108183,-1.083126598,469
-0.97963385,0.533933073,469
0.344873713,0.496198548,469
0.615614045,-0.090654894,469
-0.087474691,-0.188131192,469
1.666188042,-0.995288273,469
0.357523895,-0.192286139,469
-0.659382825,1.421543852,469
0.142185658,-1.054570707,469
-0.807973021,1.391350922,469
1.172022942,-1.854529168,469
-0.447810246,0.812786219,469
-2.038795047,0.515074239,469
-0.350447213,1.508144604,469
-0.667426237,-0.939002904,469
-0.757026156,0.640041334,469
0.541309717,-0.979540474,469
0.481593263,-1.618717821,469
-1.677982421,1.368831486,469
-0.684818252,1.439598095,469
-2.427700301,1.557881276,469
-0.743404177,0.110097089,469
-0.765491701,0.30324112,469
-0.623872468,0.759025602,469
-0.254987754,0.466404852,469
-0.579028669,-0.367842339,469
-1.232633173,0.117155641,469
-0.879019717,0.374621661,469
-0.667649607,-0.216685069,469
0.309094295,-0.950808638,469
-0.877461193,0.714381297,469
-0.473902334,-0.306590146,469
0.63371046,-2.164676281,469
0.448819795,-0.382450911,469
-1.40236385,1.007711499,469
0.406446306,0.080343765,469
-1.414243451,0.895854016,469
1.137176627,-1.256098616,469
-0.429133259,-0.139217561,469
0.491263247,-0.031385802,469
-0.278343079,0.180007006,469
-0.001510691,-0.369975236,470
-0.46984857,-0.755565198,470
-0.105132197,0.969872085,470
0.440564542,0.064772295,470
1.17960369,-0.128414681,470
1.25070173,0.374685763,470
-0.198911527,0.611558734,470
-1.140351293,-0.209481247,470
-0.22341166,-0.63141571,470
0.04409019,-0.526942766,470
-0.350592011,0.828659245,470
0.947569214,1.827614034,470
0.100945971,-0.008543503,470
-0.183371421,0.211801918,470
-0.05919199,-0.214558216,470
-0.486286048,-0.832822501,470
-0.292505391,-1.066651134,470
-1.08264351,0.437779885,470
0.144427909,-0.242335993,470
0.09790505,-0.670795189,470
0.201147836,-0.391790428,470
0.714011184,-0.21580543,470
0.26108261,1.98337209,470
0.659040692,0.719653427,470
-0.49763673,0.533222868,470
-1.073279297,0.180743374,470
1.00464645,1.536296129,470
-0.488139942,0.822097351,470
-0.536696971,-0.64344468,470
0.361882771,-0.303956018,470
-0.676233066,-1.303377095,470
-0.385417219,0.640152366,470
-0.399182192,0.589264188,470
-0.105768694,-0.138382056,470
0.077774581,0.696836703,470
-0.312019401,-0.651530135,470
0.162786208,1.607466985,470
-0.06759936,0.640380173,470
-0.150379814,-1.045463306,470
0.94224124,0.0261774,470
-0.316489697,-0.234226366,470
-0.469167959,0.108460823,470
0.229735049,0.08636995,470
1.468045607,-1.965993787,470
0.427003353,-0.073614672,470
-0.563647866,0.513442271,470
-0.650040209,0.221079904,470
0.383632041,1.683634358,470
-0.074000271,-0.623952046,470
-0.910759395,0.93051537,470
-0.25824696,0.267986516,471
0.270997886,-0.860209351,471
0.331183046,-1.659457848,471
0.638172869,-0.337796121,471
0.609593344,-0.724410426,471
1.27504059,0.427658676,471
0.473259993,-0.157386294,471
0.320971011,-2.237308863,471
1.163203999,-0.464367269,471
1.069298568,-2.350815815,471
1.436323021,-1.017663294,471
1.050746144,1.792638144,471
0.420467663,-1.826651787,471
0.708859406,0.074457371,471
1.117137253,2.411415975,471
1.013408589,-0.505818743,471
-0.182930954,0.977993521,471
-0.308303514,-1.343772556,471
0.101524096,0.246038132,471
1.383639455,0.586250065,471
1.052144394,1.30094151,471
2.682232531,-1.270982807,471
0.554645121,0.376854516,471
1.24998899,-1.690372102,471
1.321531004,0.499906733,471
0.73666196,-0.637512596,471
1.737017645,-0.446822601,471
0.989412886,-1.316171387,471
0.665218598,-0.766151071,471
0.180558453,-1.068250759,471
0.163509392,0.899592141,471
1.478362607,-0.289903657,471
0.844445264,-0.187088411,471
-0.205777327,-0.594643515,471
-0.420249982,0.601499014,471
0.674120229,0.465742499,471
0.518511098,0.526743764,471
0.05334091,2.340652307,471
0.63547118,-0.018157473,471
0.705572454,-1.208873827,471
0.543848856,0.587757746,471
0.2575987,-0.805410195,471
1.04568683,-0.051250126,471
-0.085657321,0.241067644,471
0.748053608,2.575183782,471
1.26028554,-0.344381354,471
1.285992702,-2.246400274,471
0.79514687,-1.179493666,471
0.219735311,1.676176816,471
0.461599781,-0.659205242,471
2.645122981,3.329706496,472
1.49234702,1.001738024,472
0.156481416,0.317207565,472
0.854725454,0.054078409,472
0.01387188,-0.338977123,472
0.756781959,-0.417302587,472
0.161154561,-0.789870315,472
0.408009187,1.167924644,472
0.127852347,-0.297312845,472
1.800705501,1.055939816,472
0.779497077,0.443069759,472
1.534855882,1.815013604,472
1.764898293,2.682326216,472
1.459071875,0.917767077,472
1.388169213,0.488876245,472
-0.696812798,-1.422722283,472
1.410823502,1.016197468,472
-0.210276324,0.061869809,472
-1.264122729,-1.632188911,472
1.17262163,1.175845311,472
-1.33435821,-1.805844972,472
1.442639017,1.411769719,472
1.789459524,0.907883224,472
-0.674684173,-0.509054281,472
0.211589785,0.245666932,472
1.133282173,0.416300835,472
-0.73973548,-1.144502341,472
1.097920491,0.697482343,472
0.244819435,-0.6394956,472
0.500422048,0.435259104,472
-0.053549845,-0.729628667,472
-0.31271051,-0.31607115,472
-0.325577323,-0.092212124,472
0.598813819,-0.208981757,472
0.512293538,0.221042799,472
-2.28412822,-2.383758046,472
0.547466019,0.12146971,472
-2.037756464,-1.399414016,472
2.020794788,2.062713432,472
-0.701642326,-0.747387405,472
1.69929802,0.996254535,472
-1.247272553,-1.446538697,472
1.923330692,1.45030786,472
0.877914855,0.570532143,472
-1.24685237,-1.695530541,472
0.271838242,-0.081540051,472
-0.055998387,-1.348006503,472
1.220962337,0.907798102,472
-0.455640323,-0.199289724,472
0.069752036,-0.162971387,472
1.298409026,-0.180782799,473
-0.862587621,-1.138584501,473
2.709048115,1.749239655,473
-0.680927272,-0.882256785,473
1.384118006,-0.34686273,473
0.784007342,-0.127311929,473
1.733681451,0.957536931,473
1.607651679,1.933545903,473
3.046277807,1.387144418,473
0.957143796,-1.10370958,473
1.761722971,0.60416902,473
1.437787907,1.126859756,473
1.034380435,1.139745735,473
3.126180976,2.106444264,473
1.053838694,0.383917309,473
0.565950202,-0.98417275,473
1.538664558,0.340829874,473
-0.04399738,-1.16953202,473
0.760487546,-0.585326489,473
0.972575641,-0.780769333,473
0.541372997,-1.123493038,473
0.767155397,-0.290897122,473
1.165462967,-0.276525717,473
-0.643879346,-1.154332413,473
0.918469625,-0.633956181,473
1.716438626,0.513804616,473
-0.022647932,0.723631815,473
1.082294424,0.38452802,473
1.237094366,-0.120715549,473
0.696673879,0.197373803,473
-0.009461559,-0.877105672,473
1.588688057,0.757997243,473
1.148344147,0.996572379,473
1.093598141,0.424761943,473
1.408992919,0.671689381,473
0.015338738,-2.109483027,473
1.382986448,0.62661002,473
-0.025359639,-0.520875372,473
1.094045785,0.156388927,473
1.782363066,0.996796686,473
-1.06640592,-1.123057171,473
0.716859116,-0.715062987,473
3.223933405,1.196820389,473
-1.205135993,-1.377274502,473
-1.553411092,-1.833906826,473
-0.987946057,-1.870214596,473
1.960036271,0.38105828,473
1.684443212,1.322355563,473
1.500068661,-0.082861745,473
3.048735915,1.115775867,473
0.034552633,-0.772808115,474
1.405064341,1.037815908,474
-0.003395582,-0.35784194,474
0.874676612,0.117379706,474
1.342365851,1.325722052,474
0.963628282,0.674276492,474
0.586571468,0.560556247,474
0.82932066,-0.333755182,474
-0.529435647,-0.698932898,474
0.867450885,0.471199767,474
1.210008346,0.777702764,474
-0.690742018,-1.065044144,474
1.213008201,0.605273767,474
-0.550109874,-0.954627378,474
-0.601393126,0.56721922,474
-0.179690234,-0.520786991,474
1.948077422,1.176469253,474
1.44917008,1.097436338,474
-0.015301048,-0.941976961,474
-0.49957269,-0.954834803,474
0.052126868,-0.518800233,474
1.448810081,0.925816779,474
0.818612792,0.440091934,474
-1.296731072,-2.297172907,474
-2.332216566,-1.775133181,474
1.363423446,0.656721291,474
-1.521598272,-1.07664744,474
-0.089942354,-0.548949153,474
0.720272625,0.721501373,474
1.183590119,1.195430351,474
3.462935698,3.169169306,474
1.144692637,0.849594784,474
-2.482630512,-1.350280921,474
-0.03274597,-0.398030259,474
0.517945407,-0.328929597,474
1.051566506,0.294446873,474
-1.073521813,0.085550282,474
0.517487795,0.074299682,474
0.518929035,0.076596322,474
-0.33960244,-0.199037336,474
0.619141991,0.592977085,474
-0.557622863,-0.861318442,474
-1.131091213,-0.904538236,474
2.784898583,2.809192349,474
0.245344744,0.085970633,474
-0.134990291,-0.686488244,474
0.333732974,0.320834101,474
0.067916275,-0.129436627,474
-0.873045575,-1.16161015,474
-0.234618313,-0.472300692,474
-0.281763156,0.845699114,475
-0.137217032,0.134420958,475
0.729891969,1.018937585,475
-0.09971201,-1.242703154,475
-0.334407646,-0.654915403,475
-0.40144565,0.282601865,475
0.017106093,0.739748769,475
-0.494240391,-0.414630622,475
0.498063479,-0.370745227,475
0.881725778,0.754429351,475
0.240357916,0.584629171,475
0.163554104,-0.074660494,475
0.585112865,1.044360946,475
-0.879725672,0.820808356,475
-0.118854357,-0.195850221,475
-1.269856954,0.056380295,475
1.232277605,2.136477226,475
-0.819510915,-0.217040186,475
0.113279474,0.015548718,475
0.112756148,0.491479064,475
-0.07199171,1.218429396,475
0.376221963,1.134618692,475
0.89560415,0.386281377,475
-1.151771479,0.358222826,475
-1.404411486,-0.016835429,475
-0.53668305,-1.098232544,475
-0.265509175,-1.728431208,475
0.50848332,-0.920494756,475
0.360410806,-1.228476974,475
0.501166072,-0.680103323,475
-0.995036897,1.891935843,475
0.61368745,-1.195300259,475
-0.234736165,0.045742585,475
-0.552373567,1.348692978,475
-0.51196787,0.149605656,475
0.141003871,0.748761879,475
-0.682400446,-1.004428699,475
-0.57929829,-0.066259852,475
-0.715505485,-1.016158981,475
0.333124592,1.402336081,475
-1.260340812,0.178495815,475
-0.683287334,-1.427879022,475
-0.49772931,-2.128375103,475
-0.060834759,-0.000694667,475
-0.806492151,-0.82138093,475
-0.282904629,1.74181687,475
-0.934483415,0.766825971,475
-0.636340351,1.737282935,475
0.507656711,0.429427589,475
0.713389847,0.053911703,475
0.736498311,-0.463609289,476
0.47446365,-0.967170539,476
0.69779536,-0.855713353,476
0.634413347,1.019898429,476
0.925555403,0.655505195,476
0.83016199,0.855697081,476
0.613700985,0.892523355,476
1.857864474,-0.09580078,476
0.068363703,-1.51278449,476
-0.088415823,-1.97744928,476
0.371989678,0.586080246,476
1.56277843,0.383180472,476
2.023068123,1.67831978,476
2.022693074,0.368707416,476
-0.293748283,0.239237403,476
0.15512542,1.744139305,476
0.529397961,0.554578905,476
1.519056303,0.900902866,476
0.128320019,-0.197134771,476
0.8606362,-0.139325007,476
0.321296618,-0.099821302,476
1.320492821,-0.233975753,476
0.417167047,-0.169428801,476
-0.155492842,0.859714381,476
0.244039514,0.333540486,476
0.484101447,-1.094490724,476
2.287767286,2.000203435,476
0.990545244,0.402646197,476
-0.808575104,0.02888536,476
0.54861543,-1.283460921,476
0.564356867,-1.63823305,476
0.680435292,-0.910751361,476
0.915838399,0.374560271,476
0.783745405,-0.535378253,476
-0.236171303,1.062462916,476
0.202320308,-1.478241914,476
1.587763497,0.831282113,476
-0.134143438,-2.035476425,476
0.219165288,-0.604450594,476
1.430524011,0.917108073,476
0.941949884,0.815744313,476
0.182665649,-1.23810769,476
0.718663509,2.465262162,476
0.04199594,-0.98207314,476
-0.176713555,-1.298916374,476
0.720586245,-1.771770218,476
1.216416075,0.559771579,476
0.469769713,0.838468935,476
-0.062176818,-0.490184977,476
0.974125728,0.51435309,476
0.264600343,1.926751233,477
-0.165709171,0.263085493,477
-1.296597812,-0.477423351,477
-2.114861635,-2.481811626,477
0.307325214,0.485549067,477
0.352384672,1.037738016,477
-1.150928801,0.564463138,477
0.015933014,0.242618848,477
0.602123502,0.721716324,477
-1.98072862,-2.363014296,477
1.208181716,1.024786614,477
0.84680019,0.407537231,477
-0.52541182,-0.708656479,477
-0.35518796,-0.426015507,477
-0.451003524,-0.626089433,477
-0.451727702,-0.144181776,477
-1.052483331,-1.879038737,477
-0.891302925,-0.458194566,477
-0.142134326,-0.148351221,477
-0.052210377,0.476454215,477
0.416498475,0.184058189,477
-1.043019329,-0.245374416,477
1.157893342,2.061893132,477
0.293717869,-0.343371826,477
-1.254832405,-0.873961096,477
0.680591154,-0.337201799,477
-1.356094403,-1.242403157,477
-0.915654926,-0.975139228,477
-0.66429025,-0.631884171,477
-1.70371171,-0.391149492,477
0.421457545,0.141721159,477
0.140711651,-0.203632918,477
-0.948413442,-0.437642756,477
-0.833207159,-0.767244253,477
0.143504949,0.003331362,477
-0.02311915,0.712372988,477
-0.328727478,-0.853953415,477
-0.381447943,-0.901962601,477
0.27939359,0.477956733,477
1.199156199,0.615460401,477
-0.210542844,1.072479297,477
0.330744287,0.527133307,477
-0.440392791,-0.459011106,477
0.098282788,-0.296745879,477
0.060622504,0.502518328,477
-0.843770849,-0.893133636,477
-0.234379472,0.009788126,477
-1.954540523,-0.745094556,477
-0.62313706,0.772603791,477
0.241506145,0.534637205,477
0.030232467,-0.335529933,478
0.671225493,-0.129534552,478
1.227175451,0.233951477,478
0.965828547,0.055010717,478
-0.028583353,-0.867248197,478
-0.45173892,-0.894863407,478
1.19418819,0.508558479,478
0.431570167,-0.744502893,478
0.884001263,-0.500359739,478
0.909673676,-0.515562774,478
1.435904488,0.957481277,478
1.01436845,0.242401335,478
0.706226942,-0.022600027,478
1.170368739,0.164968499,478
1.195294004,0.199295552,478
0.164995099,-1.08747216,478
-0.052901634,-1.555867808,478
2.089275985,1.706347362,478
1.683042138,1.392656721,478
1.698217066,1.114662709,478
0.154487822,-1.056129094,478
0.459142977,0.515254591,478
1.979663069,2.500523187,478
0.950626871,0.984614071,478
1.51626661,1.27562044,478
-0.12472848,-0.64355363,478
1.444988736,1.083355451,478
0.833791369,0.711401695,478
1.538805271,0.893135613,478
1.751811055,0.718799892,478
-0.088495666,-0.877997613,478
1.389375143,0.166654304,478
0.298369053,-1.337790576,478
-0.260039624,0.401424237,478
-0.595990675,-2.62298808,478
0.837353868,0.579524195,478
1.685082297,0.068259795,478
2.068583449,2.044125935,478
1.476478906,0.713514864,478
1.416799215,1.221480721,478
-0.092741434,-0.789780492,478
-0.393339206,-1.740477003,478
2.086338819,1.577834919,478
1.264058828,0.476462568,478
-1.205219125,-1.759802619,478
0.729249018,-0.402948945,478
0.740748841,-0.944296655,478
1.103688327,0.755240509,478
0.534512517,-0.986731384,478
1.775837562,0.958652093,478
-0.648800967,-0.518969794,479
-1.461980947,0.691174755,479
-0.633228156,0.881835296,479
-0.529332844,-0.438200709,479
-0.698733364,1.029159794,479
-1.223205376,1.198788083,479
-0.446957032,0.115880907,479
-0.949586561,0.439886366,479
1.189127154,-2.922707019,479
-1.096738962,0.019023088,479
-1.36348884,-0.141831497,479
0.283031201,-0.882171171,479
-1.113706238,-1.53351528,479
-1.071072838,-0.365677997,479
-0.554533193,0.711612422,479
-0.512684381,-0.372760181,479
-2.297585963,1.841600101,479
-0.586288666,-1.288923629,479
-1.184500879,0.771267596,479
-1.282764673,0.197806358,479
0.210926209,-0.380981394,479
-1.213087194,0.428364094,479
0.079636871,-1.079310694,479
0.028538664,-1.63765608,479
-0.379533898,-0.699586988,479
-0.522065624,0.269750766,479
-1.847246424,0.638559074,479
-1.66643546,0.141217121,479
-1.006743736,0.409444611,479
-0.544239394,0.4787407,479
0.170680512,-0.612253339,479
-0.611711029,0.549658438,479
-0.671780624,0.689247142,479
-0.042363799,-1.42048303,479
-0.093357462,-0.562323668,479
-1.767232255,0.792446274,479
0.016332415,0.404263055,479
-0.735348046,-0.201664107,479
-0.756311732,0.554341607,479
-3.014647964,2.927649618,479
-0.18803147,0.593795745,479
0.363471455,-1.169739673,479
-0.183737487,-0.222955363,479
-1.101296925,0.075482948,479
-0.870619839,-0.223141577,479
-1.536756151,-0.436277321,479
-0.258740351,-0.955897292,479
-1.624479982,0.457447911,479
0.022165283,-1.186450507,479
-0.98175002,1.04153375,479
1.445820206,-1.259817602,480
-0.620900791,-0.798513942,480
-0.669099693,0.215506517,480
-0.25773777,0.074972234,480
-1.37540835,0.719124541,480
0.271650421,-1.252895747,480
-0.784128718,0.514640154,480
-0.417568906,0.643376869,480
-1.166586116,0.062010479,480
0.6207315,-0.790187363,480
-0.99908307,-0.138291176,480
-1.817620131,1.826817654,480
-2.054378022,0.574547764,480
-0.288321426,-0.476774042,480
-1.152034893,1.006833565,480
0.013787613,-0.828535674,480
0.535528144,-0.68246686,480
-0.681994769,-0.816074652,480
0.675952039,-1.682942752,480
-0.477369982,1.039209783,480
-0.614248415,1.064197405,480
-0.000299696,-0.242439908,480
-0.720061956,-0.311652405,480
-2.089368499,0.584182751,480
-0.050423054,-0.77202755,480
0.87002031,-1.563332271,480
0.696514334,-1.268279318,480
-1.0499092,1.555872543,480
-0.973228056,0.830603589,480
-0.693119611,0.032827748,480
-2.254278176,1.85606014,480
-0.420923013,-0.954464729,480
-1.791271949,0.722977741,480
-1.181742781,0.27607448,480
0.241828457,0.274017335,480
-1.518264563,0.949485306,480
-0.163804982,-0.820684498,480
-0.867010109,-0.26889661,480
-0.039248375,0.40873996,480
-0.865614294,-0.050458002,480
-1.757211329,0.627525359,480
-0.824216339,0.544325227,480
-0.460880206,-1.036119668,480
0.677108624,-1.325113365,480
-1.219374174,-0.026297861,480
-1.696170298,1.735668837,480
1.644965402,-3.333543011,480
-1.094736984,0.826322661,480
-0.499267857,0.534841723,480
0.598209869,-1.290040045,480
-2.677208673,1.342066267,481
-2.292739826,0.978031398,481
-1.562079772,0.551580864,481
-0.805002924,-1.882300364,481
-0.956730099,-0.853269678,481
-1.469139763,-1.350310201,481
-1.805605015,-0.659101486,481
-0.965466857,-1.546455682,481
-1.057520681,-0.192499236,481
-0.77173463,-1.330956064,481
-1.679630343,-1.787364803,481
-1.313370366,0.933933845,481
-0.343363498,-0.449193817,481
-0.726201092,-1.815871432,481
-0.119377579,-0.535385241,481
-1.224147921,-0.229841636,481
-0.133118204,-1.403374915,481
-0.883428008,0.883811806,481
-1.514454759,2.102222105,481
-1.891453201,0.865227138,481
-1.366335286,-0.162995431,481
-1.697390207,0.603269009,481
-1.499803158,2.001658622,481
-2.262284196,1.035175662,481
-1.48452078,0.612138756,481
-0.029129357,-1.070218991,481
-1.060106059,-0.067287384,481
-1.121638483,0.306017696,481
-1.401162664,0.516232886,481
-0.389061958,-0.455661108,481
-0.315810089,-0.458330345,481
-0.346173559,-0.460414804,481
-0.970951599,1.317080127,481
-2.23390435,1.118822043,481
-1.278933339,0.297269983,481
-2.246810772,0.973950581,481
-0.008295915,-0.808793759,481
-1.190988981,0.707403019,481
-1.430972303,0.587647565,481
-2.051724579,-0.324647497,481
-2.180360278,-0.258572006,481
-1.285821236,-0.369543412,481
-1.351870887,-1.385542844,481
-1.182855583,-0.142259919,481
-1.40301312,-0.591452566,481
-1.724266298,-1.109835766,481
-1.174191448,0.188736324,481
0.283546478,-2.133749843,481
-1.13924508,-1.199543649,481
-1.566007772,0.142225159,481
-1.196478932,-1.835422643,482
0.284010266,0.88645274,482
1.192985116,1.344060611,482
1.617310568,2.216177299,482
0.369452808,-0.098437992,482
0.287157393,-0.480329859,482
-0.280695596,-0.234182567,482
0.347030638,0.93247483,482
0.734111018,-0.244556147,482
-0.915940615,-1.41624856,482
-0.28314712,0.402293507,482
-0.163615082,0.329684878,482
-0.287942748,-0.27333443,482
0.999436757,1.086587928,482
0.391397966,0.1062162,482
1.411901128,1.883006019,482
-0.923448252,-1.339475602,482
0.43686768,0.953922874,482
-0.477393774,0.444041614,482
1.087948347,2.017625672,482
-0.428796871,-0.188543394,482
0.692084635,0.000983666,482
-0.794898587,-0.580356011,482
0.463662736,-0.542190087,482
0.086712136,-0.036390618,482
0.614133181,0.742902092,482
-0.248469404,-0.255093462,482
-0.158216549,-1.276709766,482
-0.610473577,-0.074889696,482
0.434199212,0.537036492,482
0.339787298,-0.106843603,482
0.156946718,-0.58768515,482
-1.158753851,-1.00142183,482
-1.011337246,-0.023642306,482
0.055101934,-0.364172331,482
-1.175822158,-0.40431422,482
-0.63691403,-0.972821498,482
-0.052237657,-0.324057451,482
-0.545481604,-1.024188514,482
-2.193931537,-2.155770073,482
-0.216386972,-0.791763379,482
-0.410330327,-1.424089836,482
-0.097345649,1.544863,482
-0.264632436,0.364230348,482
-1.312903485,-1.429318374,482
-0.851125144,0.115487617,482
-0.633329854,-0.631315001,482
-0.956452237,0.382311922,482
0.786508973,1.10475482,482
1.183787131,0.603424492,482
-0.337391253,0.608509338,483
-0.302687072,0.202717324,483
1.302041817,-0.661421136,483
-0.602043298,-0.064052111,483
-0.013340035,0.517391538,483
-0.852146843,-0.480027636,483
1.029976831,-1.549015752,483
0.456243832,1.358441701,483
0.849979839,0.116853001,483
-0.148468567,-0.546672119,483
-0.33514565,-1.661706638,483
1.310974445,0.501586652,483
0.024964131,0.717361758,483
1.597651806,1.876550369,483
1.149185678,-0.536231345,483
0.868546674,0.786893423,483
0.134699196,-0.739399511,483
0.846601071,-0.601919021,483
0.082755319,-0.209834759,483
0.12538639,0.51167618,483
0.024716743,0.475719199,483
0.689403922,0.6372572,483
0.774170589,0.108143666,483
0.348478725,-0.776441921,483
0.764031082,0.909837445,483
-0.183625898,-1.02955787,483
0.013508556,-0.00903868,483
-0.679302882,-2.413591314,483
0.579079997,1.180550922,483
1.787191159,-0.450962893,483
0.978073858,1.244894985,483
-0.154159429,0.410563321,483
0.55932629,1.307370278,483
-0.189488489,0.270559804,483
-0.563695531,0.401876016,483
0.487257624,1.462055592,483
0.093017814,-0.074818002,483
-0.598921257,-0.565680493,483
0.044165617,0.657692403,483
0.302148248,1.123209469,483
-0.298473526,0.303655719,483
-0.388247927,0.233800835,483
0.64626538,-0.614319563,483
-0.449365953,0.648909118,483
1.002740833,2.616674283,483
0.83343999,-0.804361784,483
0.216089154,-0.756592017,483
0.534002226,0.513582899,483
-0.87882192,-0.161624352,483
-0.134208581,0.732880484,483
0.882875654,0.97365016,484
0.586836171,1.533500787,484
0.999797886,-0.85049047,484
-0.022459274,-0.720809252,484
0.720372688,0.180251328,484
0.919495238,-0.527968752,484
0.63172736,0.1179165,484
0.293235,-0.446053102,484
0.615760415,0.080981153,484
0.033255644,-0.842317096,484
-0.14513229,0.325117181,484
0.500761387,-1.440140716,484
0.504504128,1.460837149,484
0.747917406,1.718512839,484
0.90232828,0.829858047,484
1.132679694,2.676923112,484
0.789417299,1.05339527,484
0.931379571,-1.257007381,484
-0.174945286,1.22310596,484
0.300026805,1.806367095,484
1.124442887,-0.245983122,484
0.132014494,0.300390989,484
0.378693411,-0.41634668,484
0.181212633,0.312031489,484
0.638772744,-0.510806387,484
0.606777969,0.809239178,484
0.072198712,-0.189378905,484
0.536074124,-2.166592334,484
0.667675265,-0.250559938,484
0.836239961,-2.493782311,484
0.382010268,0.898422591,484
0.761789384,1.223007249,484
0.689592795,-0.598970697,484
0.852990488,-0.483209345,484
0.010626324,0.520171894,484
-0.027415015,-0.093227795,484
1.022729147,1.744851723,484
1.629107702,0.592495711,484
1.377464165,0.274456926,484
-0.117180708,1.073808236,484
1.495534915,0.626716065,484
1.113328381,-1.161485312,484
0.315485565,1.459733462,484
0.453852334,0.395021007,484
-0.154140624,1.865143739,484
-0.240277781,-0.929302053,484
0.324586392,0.801210696,484
0.914120665,0.881528102,484
1.910856658,-0.908787829,484
0.655640256,-0.710650023,484
0.502398818,-2.0540206,485
-1.096933273,0.745278427,485
-0.479719963,1.673109215,485
-0.539976934,-0.60440425,485
-0.465290224,-0.015807739,485
0.213913245,0.32709755,485
-1.135212337,0.683868387,485
-1.419432317,0.256774892,485
-0.081212991,-0.461103644,485
-1.333565299,0.9141196,485
-1.592464772,0.757853199,485
-1.126890181,0.228350349,485
-0.650350277,0.354612538,485
-0.486944413,-0.327505359,485
-1.104472464,-0.098725393,485
-0.757079404,-0.268749707,485
0.078371376,-2.331714145,485
0.288778512,-1.268161506,485
-1.345714001,0.843634433,485
-1.218525626,0.916898576,485
-0.651436003,-0.399037431,485
-1.444936889,2.297124643,485
-0.053179477,-0.429875857,485
-1.459945081,-0.60776197,485
-1.835139605,1.059550384,485
-0.87358257,-0.543081629,485
-0.659586682,0.51882144,485
-0.487036294,0.166449869,485
0.11857725,1.084406099,485
-0.653851276,-0.603442782,485
-1.600748425,0.15356679,485
-0.595513092,0.470520965,485
-0.702588493,-1.012869823,485
-1.140640824,0.638247897,485
-0.594225353,-0.719303029,485
-0.98168248,-1.062088183,485
-1.281849227,1.432875108,485
-0.75543677,0.770986224,485
-0.375558553,-0.745286446,485
-0.647835571,0.475148948,485
-1.586883145,0.778859986,485
-1.068313799,1.5970839,485
-1.540142077,-0.126040368,485
-0.942970134,0.00581674,485
-0.138648761,-0.985494959,485
-0.94539081,0.006459642,485
-0.639961598,0.266921462,485
-0.072173837,-0.826217295,485
-1.142509375,0.382030123,485
0.272384048,-0.516314128,485
0.882338327,0.639653265,486
1.014053032,-1.286744117,486
0.125438223,-1.202889795,486
0.913137156,-0.386244045,486
0.685460316,1.424301092,486
0.190529478,-0.704863176,486
0.470517836,0.864486496,486
0.262829834,1.070992849,486
0.518209154,0.964621172,486
0.780158906,-1.153855366,486
-0.024501965,-0.7877965,486
0.401677903,-0.09213011,486
0.073772186,0.00296263,486
-0.233140419,0.18341006,486
0.314194589,0.585835471,486
0.635235621,-0.078772726,486
0.80672383,-0.723945349,486
1.340923948,1.101782681,486
0.157647046,1.50513958,486
0.661124438,0.813032291,486
0.39752616,0.079777495,486
0.114747969,-0.218847903,486
0.034197703,-0.983032247,486
0.280783,0.970714137,486
0.275610664,1.262736753,486
0.121363436,0.608189315,486
0.108127741,0.396923364,486
-0.796038511,-1.322653465,486
0.477196174,-0.2487914,486
0.518777542,0.076073322,486
0.619403378,1.374332261,486
0.472652166,0.562806442,486
0.553314856,-0.344455193,486
0.028060865,1.075623582,486
0.556005541,0.893022188,486
-0.020862494,-1.098360774,486
-0.08343839,-0.477259652,486
0.063178608,-0.638102794,486
-0.063328412,-1.421174766,486
0.058453053,-1.909198925,486
0.84692699,1.748230289,486
0.895695658,-0.95874416,486
0.044020396,2.037179951,486
0.990283552,-1.113868154,486
1.077088981,0.555075986,486
-0.392461118,0.490834312,486
-0.066029349,0.055771586,486
0.041064383,-0.262831117,486
0.686677162,0.178629383,486
1.626418508,0.13087848,486
0.379085609,1.551296833,487
-0.245229132,-1.133091944,487
-0.667703362,-0.988030878,487
-0.297384717,-1.878944987,487
-0.341590619,-0.060366858,487
-1.11106978,-0.848434644,487
-1.317283895,-0.705142628,487
-0.082733843,1.89364303,487
-1.7164276,-0.307236974,487
-0.693654497,-0.47625108,487
-1.733280451,1.116186685,487
-1.565273003,-0.356183078,487
-0.785568429,0.302246701,487
-1.072290415,-0.95649051,487
-1.345549632,-0.711994266,487
-0.700210404,1.704988515,487
-1.178387191,-0.200985102,487
0.059677048,1.97746142,487
-0.33429566,-1.106303844,487
-0.536736948,1.285893302,487
-2.417756398,-0.30059156,487
-0.961286506,-0.644323436,487
-0.958358863,-0.020991651,487
-0.182153732,0.417973897,487
-1.088067409,-0.143022933,487
-0.541671203,-0.074381066,487
-0.738924033,-0.448342766,487
-0.020264988,-0.26481055,487
-2.218413659,-0.146131489,487
-0.488272118,-0.071210302,487
-0.719618116,-1.236185536,487
0.006744787,-0.55964159,487
-1.255925536,-1.60575247,487
-0.700322736,0.985351369,487
-1.656731183,0.219547432,487
-1.20691734,1.54107675,487
-1.287510955,-0.254095873,487
-0.889229496,-0.257092749,487
-2.136915485,-1.384868441,487
0.432050367,0.3192499,487
-0.235582438,2.683612897,487
-0.449125008,-0.993521584,487
-0.346035955,-0.709737832,487
-1.383352983,-0.430606915,487
-0.665043197,0.744038391,487
0.03543968,0.429812558,487
-0.63643268,-1.146788187,487
-0.96046673,-0.337808654,487
0.036164652,1.54460389,487
-1.02053584,-0.485911694,487
-0.994855331,1.433348943,488
-0.059618105,0.477881807,488
0.111984799,-1.535303121,488
-0.777434631,0.738514498,488
-0.382620892,-0.242770591,488
0.396110571,-0.559748149,488
-0.857177396,1.399614161,488
-1.486095622,1.082129963,488
-1.855266955,1.442365501,488
-0.501443783,0.520711156,488
-1.792809713,1.527134024,488
-0.479246834,0.650500285,488
-0.102847359,-0.320890007,488
1.190223398,-1.3106185,488
-0.949541551,0.072434632,488
-0.394116256,-0.803346826,488
0.421727985,-0.373814672,488
-0.502030048,0.09277451,488
-0.954520761,0.347673518,488
0.057427014,-1.905959792,488
-0.818508131,0.38168794,488
-1.062125185,1.539169832,488
-0.539789173,-0.413951688,488
-1.928273282,1.376791759,488
-2.974970597,2.492075636,488
0.116602072,-0.747600319,488
-0.596269094,0.847506008,488
-0.210371436,-0.414135807,488
0.259117326,0.394497987,488
-1.321247615,0.457273767,488
-1.059241696,0.966009769,488
0.567320563,-0.218484439,488
0.521247676,-0.899109563,488
0.435952233,-0.551505698,488
-0.232326097,-0.90694517,488
0.525358141,-0.835631306,488
-0.694518648,1.322992915,488
-0.367868836,0.440831673,488
-0.864135308,0.352748063,488
-0.103526765,0.004975473,488
-0.466531613,-0.382731169,488
0.215324049,-0.266399998,488
-0.504156016,-0.181705865,488
-0.00776096,-1.060239162,488
-1.476503557,-0.385673931,488
-1.145316563,-0.171999472,488
-0.029580036,-0.009366483,488
-0.110290899,0.469699705,488
0.477851724,-0.966851571,488
-0.190613665,-0.062657967,488
-0.334855713,-0.817394051,489
0.458889806,-1.162779553,489
-2.754471724,1.557681289,489
-1.137278,1.075970742,489
-1.897559084,0.89687475,489
-1.333642388,0.103607164,489
-0.696690696,-0.80596587,489
-1.257508471,1.222792383,489
0.103332806,0.092549285,489
-1.028962741,2.166531562,489
-0.184689666,-0.78051324,489
-2.528119324,1.600558887,489
0.562705586,-1.490195829,489
-0.710652032,1.062173608,489
-2.425419913,0.900111982,489
-0.959230126,-1.325612675,489
-0.873448111,-0.113874871,489
-0.222586922,-0.161026546,489
-0.458913716,-0.748771067,489
-0.977849671,1.070270729,489
-1.320504508,1.390353465,489
-1.640933736,1.591628207,489
-1.91077689,1.179472535,489
-0.549303564,0.417946146,489
-0.222996601,-0.138123283,489
-1.494930071,1.036779497,489
-1.736368945,1.183720543,489
-0.788592358,0.450372416,489
-0.393694624,-0.075735143,489
-0.709011949,0.417085276,489
-0.864895363,0.304142384,489
-0.749941094,-0.020018908,489
-0.210107159,0.110005934,489
0.792163275,-1.705709446,489
-1.033171488,-0.554550749,489
-0.902334068,0.57308452,489
-1.622873485,-0.032866554,489
-0.354389182,-0.151452463,489
0.492416194,0.075895603,489
-0.052770302,-1.011201115,489
-2.307994152,3.253783215,489
0.417251416,-1.333779189,489
-0.90173357,0.53633754,489
-0.353425237,0.655711211,489
-0.634686819,-0.492932331,489
0.164461458,-0.251717396,489
-1.368079091,0.802287325,489
0.152690889,-1.222017074,489
-0.610198497,-0.098118691,489
-1.351456676,1.778412977,489
-1.003326495,-1.708630296,490
-0.215161459,0.60190973,490
0.606763279,-1.083275107,490
-1.230436603,-0.528695454,490
0.921268403,-0.503576241,490
0.215757512,-0.998180163,490
0.523150005,-0.229168668,490
-0.252714478,0.355818226,490
-1.65099802,-0.769605149,490
0.689301911,-1.288471206,490
-0.586595822,0.102783012,490
0.740062496,0.285653751,490
-0.360685386,1.062291523,490
-0.041372006,1.110732158,490
0.056383672,-0.556886079,490
0.245632464,-0.048452771,490
-0.307517324,0.338580382,490
-0.332974367,0.079135494,490
0.099696984,-0.364007857,490
-0.648454779,2.283245411,490
-0.38362246,0.506563312,490
0.596945647,1.514027872,490
0.117208856,1.013933073,490
0.832618171,-0.483069089,490
-1.002308405,-0.122255602,490
0.311253396,-1.715328345,490
-0.102058415,0.243635733,490
-0.249847052,2.179086222,490
-1.724397608,-2.120588851,490
0.086186314,1.190070868,490
-0.965809889,-1.023663568,490
-0.923638923,1.669817896,490
0.530109797,-0.582113099,490
0.703653812,1.26952953,490
-0.072515304,-0.865201162,490
0.695434109,-0.924688862,490
0.302731456,0.993924988,490
0.419424137,0.872462473,490
0.331844219,0.371280206,490
-0.097351598,0.633260448,490
-0.080172364,0.609736518,490
0.208532574,-0.421055221,490
-0.86513194,0.463814615,490
-0.540503804,-1.162643149,490
0.414612833,-0.05969406,490
-0.697791431,0.411526179,490
0.300072583,0.756738326,490
-0.107384732,1.303627591,490
0.673619447,0.984978582,490
-0.289731713,-1.550594114,490
3.1867041,1.46189252,491
2.095608166,0.016675682,491
1.83349129,-0.47345753,491
3.368586924,1.212974517,491
3.400889502,1.508044067,491
3.105389924,0.723902797,491
1.058066047,-0.568864768,491
-0.192679424,-2.207339511,491
1.448911297,-1.095416689,491
0.999313205,0.010781567,491
2.696841867,0.509400433,491
2.627852738,-0.425446032,491
1.728646568,-0.645480035,491
2.4631477,0.836120517,491
3.178537594,1.518477578,491
1.932483948,0.191406753,491
2.506449193,0.385628201,491
5.540136531,2.240670379,491
1.347458957,0.35047029,491
3.58983706,0.344573861,491
1.460355786,-0.802358758,491
0.656816424,-1.633110539,491
4.015507084,0.885764054,491
1.515372617,-0.791715915,491
2.044929114,-0.027713297,491
4.098024123,2.234377512,491
1.271869058,-1.010958233,491
2.469604671,0.711390366,491
2.886486581,-0.266687247,491
2.911309015,-0.70223523,491
0.0916907,-1.292774803,491
0.904697415,-0.62293828,491
1.681962299,-0.629409795,491
2.1209692,0.106033837,491
3.790808075,0.965798796,491
2.041219185,0.227002237,491
1.702370322,-0.399902441,491
1.97581203,0.026474696,491
4.207255137,1.17187321,491
2.53058672,0.604186666,491
2.27157749,-0.900463449,491
2.759532884,0.888456297,491
1.740532104,-1.067291689,491
4.072615085,1.48598402,491
4.176311034,1.622534216,491
3.2781686,-0.136417587,491
0.670715128,-0.811842984,491
4.747112611,2.041986972,491
2.681580042,-0.122543776,491
0.552413197,-0.388086155,491
0.116609257,1.527225839,492
-0.531896658,-0.095510389,492
0.707958181,0.399708851,492
-0.547220308,-0.332689241,492
-0.0967749,-0.585868327,492
0.431906499,-0.419791927,492
0.441779326,0.40005383,492
0.580969319,-0.770120041,492
-0.614943635,0.373544572,492
0.345810637,1.276359612,492
-0.429061281,0.981876797,492
0.245371369,0.790587069,492
0.48808987,-0.404983472,492
-0.552229712,1.302707075,492
-0.701091338,0.552911477,492
-0.180673269,1.240032045,492
0.647609237,-1.564978731,492
-0.604263085,2.832607881,492
-0.059496286,-0.873728331,492
0.734122319,0.253839099,492
0.494445754,0.284297235,492
-0.677833008,0.626788156,492
0.179802062,-0.163922979,492
0.160458423,-0.488914,492
0.004331979,-0.456752618,492
0.885557233,-1.483993765,492
-0.152752385,-0.481137845,492
0.426923753,-0.764852752,492
0.149344635,0.424892551,492
0.436475832,-0.646154078,492
-0.957614008,0.811156429,492
-0.267208667,-0.233138184,492
0.78263894,-0.469331884,492
-0.175957683,0.851586976,492
-0.020749275,-0.447985969,492
0.99702388,-0.756499168,492
0.040612748,-0.013570127,492
0.000362159,1.296746049,492
-0.584159868,-0.49739576,492
0.303710901,0.064348688,492
0.11947028,-1.038758836,492
1.355366373,-0.205757052,492
-0.112532837,-0.467463153,492
1.214973373,-1.502261796,492
-0.450760626,0.390460263,492
-0.157078075,-1.021223569,492
0.580279537,-1.568568264,492
0.717449087,-0.443894199,492
-0.504712972,0.433180614,492
-0.577517174,-0.204081248,492
0.779019394,1.259728455,493
2.104376584,1.155782135,493
2.120985714,1.079724422,493
0.038621769,0.888966363,493
2.360739871,1.417452791,493
0.376824142,-0.918769949,493
0.248978266,-1.490200798,493
-0.704746859,-1.891311239,493
1.084836306,0.817124896,493
1.450894556,-0.093669519,493
2.092674483,2.456946886,493
1.222082258,0.923689583,493
-0.252064025,-1.057818639,493
-0.3102788,-1.796661834,493
2.247886156,1.370812642,493
1.388314305,0.97888801,493
-0.129715169,-1.241870182,493
1.002705756,0.779072492,493
-0.919610638,-1.3750129,493
1.001311664,0.641041512,493
0.08504218,-0.550697683,493
1.026138837,0.780292729,493
0.78516189,-0.064770393,493
1.533005469,1.050542835,493
1.242038815,-0.233447811,493
0.049456755,-0.179404898,493
0.286793006,-0.692494472,493
0.317910192,0.5622395,493
-0.215874404,-0.613017235,493
1.393863072,0.074047511,493
1.138941134,0.658273838,493
1.529959618,1.114420944,493
-0.117612391,0.548058674,493
3.20093634,2.800455268,493
-0.450277684,-0.419665153,493
0.383394161,0.274144239,493
-0.526726023,-0.043649273,493
0.521792543,-0.872847362,493
-0.23774719,-1.862733953,493
1.546646137,0.816140492,493
1.022149122,-0.362994078,493
1.255960997,0.35255547,493
1.508776046,1.223393537,493
2.56395983,1.739372845,493
1.638753069,0.3058295,493
2.285869035,2.234416047,493
0.633340065,-0.592597793,493
3.720087429,2.973125962,493
-0.098323187,-0.640760712,493
2.007728628,1.5572999,493
-0.984588894,-1.562333179,494
-1.5608485,0.100334039,494
0.069936887,0.129613634,494
-0.21494972,-0.271064955,494
-0.281031311,-0.703457419,494
0.360977766,-1.654004855,494
-0.27094958,-0.27203456,494
-1.095103783,2.415050918,494
-0.369101994,1.87789101,494
-0.996867379,0.329895877,494
-0.446681234,-1.530403231,494
-0.886027509,1.756503085,494
0.323734235,-0.453413118,494
-0.414836581,0.152729393,494
-0.986247032,-0.168703567,494
-0.965865501,-1.373073063,494
-0.216934848,1.153118009,494
0.984140313,-0.444161088,494
0.13568401,-0.342587611,494
-0.203763014,0.573485646,494
-0.219921066,0.567404094,494
-0.774554126,0.006330384,494
-0.232705265,1.629299833,494
0.70962698,-2.61085845,494
-0.643537131,0.883848554,494
0.268900688,-0.298028853,494
-0.042266866,1.337910295,494
-1.440616378,3.18106812,494
0.111027946,-1.044788713,494
-0.835292357,-0.786940932,494
-0.80878684,-0.529672678,494
-0.871465128,-0.275910572,494
1.595662409,-2.028743617,494
-1.347223934,0.080160086,494
0.392899228,-0.208443894,494
-0.782271963,0.978748658,494
0.347706817,0.91918944,494
0.480946569,-0.109237692,494
-1.612189819,1.456391847,494
-0.052888821,0.345534816,494
-0.431378716,-0.806091417,494
-0.101829347,0.796955848,494
0.114364909,1.620804393,494
-0.386803667,0.784298785,494
-0.382072586,0.676761428,494
0.383348456,0.74883422,494
0.069387449,0.322119955,494
-0.313827714,1.341745296,494
-0.999534072,0.319691593,494
-0.416750889,0.10604375,494
-0.161506301,-0.087732151,495
-1.12678183,0.334096493,495
-1.319022871,-0.764082077,495
-2.9279488,-2.419323203,495
-0.946042587,-0.52189108,495
-1.426075101,-1.024559479,495
0.531831834,1.084840969,495
0.114005608,0.903031798,495
-0.705965057,0.961017755,495
-0.567894976,0.069406426,495
-1.266298209,-0.862919953,495
2.105306346,2.151538525,495
-1.838565157,-0.000754383,495
-1.446480597,-0.966596682,495
-0.625846387,1.188618841,495
-0.726821141,0.020490822,495
-0.700640165,-0.181565923,495
-1.169687774,-0.64199094,495
-2.157467449,-0.627658183,495
-1.350555209,0.475897592,495
-0.477499796,-0.843289095,495
0.06002562,0.880531143,495
0.071699145,0.257723806,495
-0.232268927,1.586291547,495
-0.64990059,-0.093853972,495
-0.168091519,0.286703478,495
0.298065019,0.432509792,495
-1.591592482,-0.851658719,495
-0.861588099,0.230260274,495
-1.158872926,-0.828804275,495
0.109946523,-0.224389565,495
-1.289347734,0.852989925,495
0.15455287,1.17156558,495
1.929025659,2.930369704,495
-2.411484571,-1.387495157,495
0.274173222,-0.405661232,495
-0.232519439,1.390090388,495
0.567277408,0.885394683,495
0.873374042,1.165424262,495
-2.941051304,-2.054470455,495
-1.487957563,-1.160685755,495
-0.32093763,0.336200272,495
-0.181397908,0.578516814,495
0.410870962,1.233904584,495
-1.07380593,-0.98550649,495
-0.120804613,0.901083955,495
-1.204521765,-0.134075486,495
-0.036002721,0.215346172,495
0.737895538,1.508546949,495
0.170545039,-0.233182297,495
-1.014928702,-0.3302964,496
-1.794038082,0.810646932,496
-2.105702566,0.975632446,496
-1.724523493,0.938492826,496
-1.47296026,-1.073956755,496
-0.824998975,-0.606851606,496
-2.249364349,-0.226892982,496
-0.155132839,-0.642756799,496
-1.238425474,1.674526256,496
-1.715994499,1.546881063,496
-1.011318023,-0.461129494,496
-0.961376433,0.036754884,496
-1.293552457,-0.413189142,496
0.080765336,-1.392946051,496
-2.094435201,1.050517319,496
-1.350258287,0.405904709,496
-0.558110067,-0.279118918,496
-0.653439147,0.172397952,496
-1.180463768,-0.486286672,496
-2.425650779,2.054825947,496
-1.041353732,-1.740811952,496
-1.723163268,0.768151974,496
-0.936493813,-0.587321571,496
-0.877129498,-0.42517452,496
-2.031456494,0.740656294,496
-0.520807842,-0.182069396,496
-0.989410828,0.70558795,496
-0.191893143,-0.95091262,496
-0.516039454,0.505930594,496
-1.777556015,0.672602429,496
-0.95000969,0.469524676,496
-0.350124529,0.220655524,496
-1.573332411,-1.69109575,496
-1.220185278,0.645917581,496
-1.41947605,0.188574647,496
-2.443528224,0.953185799,496
-1.830981122,0.776299474,496
-2.621569908,0.939213044,496
-2.086190723,0.630161633,496
-0.201023796,-0.89510032,496
-2.999763858,0.656404283,496
-2.558603511,0.915598017,496
0.592230547,-1.027778094,496
-2.144544308,2.185247913,496
-2.087640174,0.318136814,496
-0.921685598,-0.517819507,496
-0.977341126,-0.111294802,496
-0.640627546,-0.200737557,496
-0.917669075,0.136100738,496
-1.056936908,-1.984668771,496
-1.192764868,0.304381245,497
-0.503769929,-1.036651783,497
-0.05271991,0.284005858,497
0.206330202,0.588553366,497
-1.622366446,-1.112637153,497
0.735500237,-0.680234753,497
-0.093589624,-1.391875929,497
-0.447914176,0.558195937,497
0.131825395,-1.516182015,497
-1.189576363,-0.894238333,497
-0.517967234,-0.435913227,497
-0.214223494,0.437325023,497
-0.185491257,0.132880247,497
0.19095715,0.65312823,497
-0.192559577,-1.004093056,497
-0.595984301,-0.293761556,497
-1.657619126,-1.235403595,497
0.106060203,0.361699029,497
-0.515289121,1.366127524,497
-1.769643951,-0.678617786,497
0.478117484,0.173350379,497
0.960925651,1.324153538,497
-1.068146754,-0.401459493,497
-0.462700536,0.16205004,497
-0.292525841,0.972917931,497
-0.513366173,0.101256772,497
-1.637464276,-1.72127684,497
1.146107604,1.681062879,497
-0.434933391,-0.542058651,497
-0.247353903,-0.361358761,497
-0.510037001,-0.204728673,497
-0.561717068,0.20145763,497
-0.194214686,-0.172115202,497
-1.435645802,-1.61127745,497
-0.351074379,0.56470499,497
0.613935061,0.500742029,497
0.408618415,0.379039259,497
-1.417266023,-0.590631085,497
0.121424846,0.149717993,497
-0.12756559,0.644835692,497
-0.123077341,-0.255743298,497
0.571556652,1.105801738,497
0.987427411,1.05291229,497
0.385545699,0.076176992,497
0.260188525,1.157413282,497
0.557236976,0.274585549,497
-2.057632071,-1.709278793,497
0.042985882,-0.541186142,497
0.448399719,0.745572292,497
-0.853799804,-0.131161582,497
-0.377929322,0.5809635,498
-1.020219621,1.297071346,498
-1.076595082,-0.975462413,498
-1.264559197,-0.667619274,498
-0.895042337,-0.285271751,498
0.370506593,1.212528572,498
-0.634320669,0.219225432,498
-0.953723152,-0.337954981,498
-1.668003003,-1.680491609,498
-0.5376536,0.463579403,498
-1.266629375,-1.317179348,498
-0.820415763,-1.032350787,498
-0.456255692,-0.767104446,498
-0.307291104,-0.86326219,498
0.359782281,-0.773235874,498
-0.506418254,0.228856552,498
-0.914302164,-0.707359138,498
-0.680043729,-1.096431397,498
-1.507895424,0.772475939,498
-1.834531195,1.414060794,498
-0.851281243,1.015988402,498
-1.506956811,1.512969553,498
-1.175705708,-0.012601978,498
-1.525407715,0.085332812,498
-0.067693825,1.183790124,498
-0.335646054,0.172086107,498
-1.220616201,-0.031432465,498
-0.945136514,-1.767996015,498
-0.774586396,0.482705146,498
-1.093571952,0.105840124,498
-0.478569315,0.708649526,498
-0.003205637,1.100299443,498
-0.757538148,0.100248465,498
-0.013604458,0.741813373,498
-0.393248432,0.079191397,498
-0.365262223,0.353129837,498
-0.446765048,1.334250884,498
-1.079996344,0.846748615,498
-0.687142038,0.485114713,498
-0.865280945,-0.666192611,498
-0.245366514,0.448671054,498
-1.505375228,0.225131203,498
-0.588301766,-0.337354169,498
-1.026796954,-0.383287168,498
0.253591457,-1.393436032,498
-0.738460902,-0.959067796,498
-0.79061602,0.90531811,498
-1.867222306,-1.960654658,498
-1.59979502,-1.00091798,498
-0.886337016,0.142594002,498
-0.888677043,0.288181882,499
-1.57594538,2.083295728,499
0.146244355,-1.080531241,499
-1.163077265,-0.628754859,499
-0.473170099,-0.422606762,499
-2.063605071,0.56267243,499
-0.804624302,-0.828626923,499
-1.5905598,1.061575117,499
-0.573152797,-1.152150091,499
-1.201954004,-0.099485256,499
-1.869543449,1.480961052,499
-0.982434862,-0.126088841,499
-0.393179062,-0.523930944,499
-0.578749896,-1.069436777,499
-0.450418987,-0.185841946,499
-1.059358642,2.033685871,499
-1.133347138,1.528543977,499
-1.204936201,0.27306358,499
-0.238147094,-0.45750592,499
-1.506866295,-0.183355062,499
-2.108272762,1.735513214,499
-1.522621691,1.951026374,499
-0.667545489,-0.33857429,499
-1.769586661,-0.060993795,499
-1.037311581,-0.581569401,499
-1.50475688,0.621291451,499
-0.546093001,-0.488527776,499
-1.329062646,-0.082034626,499
-0.470707904,-0.752329821,499
-2.202919373,1.451987125,499
-1.432477484,0.039777513,499
-0.878370359,0.022647967,499
-0.522400092,-0.736870952,499
-1.671075627,1.663985667,499
-1.094351729,1.507533568,499
-0.903184703,-1.049080314,499
-1.791325821,1.644254747,499
-1.14690322,-1.052649087,499
-0.621387861,-2.233902465,499
0.345504302,-1.121426067,499
-0.107385915,0.001247135,499
-1.709763542,-0.653902456,499
-1.354072937,3.852252836,499
-0.55087575,0.460001617,499
-1.280391362,-0.501140781,499
-0.97411647,1.039265606,499
-2.029095239,1.727393024,499
-0.445512796,1.522984565,499
-0.012281197,-1.648555754,499
-0.361683593,0.477283896,499
-1.146296337,0.058623375,500
-1.64267904,0.549708827,500
-0.803286794,-0.827755611,500
-1.283474773,-1.569133426,500
-1.148164159,-1.067370069,500
-1.845727121,0.887333441,500
-2.150707789,0.631881993,500
-1.192875325,0.278881194,500
-2.002359999,0.2353188,500
-1.523118016,1.122156998,500
-2.491431387,1.145124808,500
-2.212474962,0.587227503,500
-0.437554443,-0.701379812,500
-1.657414033,-0.213018528,500
-1.970444254,0.371553961,500
-1.820600561,1.052861349,500
-0.73003151,0.739215739,500
-1.158990572,-0.452873933,500
-2.00540005,1.380946515,500
-1.635879782,0.449151259,500
-1.530886829,-0.216319953,500
-1.033750534,0.934970381,500
-2.280700676,1.011729281,500
-1.196232773,-0.410099347,500
-0.622176394,-0.901830163,500
-2.165479188,0.510775388,500
-1.190379517,0.660036805,500
-0.977920474,-0.7688029,500
-0.679548953,-0.854374985,500
-1.141717231,-0.925202954,500
-0.933493118,-1.107523435,500
-0.436751897,-0.526001682,500
-0.513731904,0.119186228,500
-2.923219324,1.24106794,500
-1.02348575,0.840657446,500
-2.242676879,1.948053192,500
-1.333111564,-0.189872502,500
-2.609870331,1.461701266,500
-1.287012496,0.516143663,500
-1.538209995,-0.040717324,500
-1.883464266,0.363364909,500
-0.943180509,0.012216166,500
-1.144437954,-0.206477125,500
-1.221255699,-0.480163164,500
-1.457843631,-0.563757989,500
-0.832224284,-0.145666967,500
-1.88744988,0.019002732,500
-1.843727449,0.65335633,500
-2.010490291,0.150032604,500
-1.297905964,0.333853382,500